%%MatrixMarket matrix arrary real general
20 29
-0.149248522975521
-0.103649891927736
0.135868831309696
-0.290396464325841
-0.0492974467819338
0.02812808053007
0.00375258845302844
-0.0305884888915807
0.0944393080927975
0.108771861160551
-0.0555408301305602
0.00185351446498179
0.167057890910983
0.093295408505576
-0.156729062492925
0.120993090154833
0.0667823732830284
0.235679900329625
-0.141399292595817
-0.0797728470732579
-0.176053595745826
0.0988157957076315
-0.0726766384268124
-0.0824655162965022
-0.0729259413392559
0.0280815572662673
0.154711826535724
0.0652574798189837
0.218971273738258
0.0751424569434454
-0.107587836157787
0.172055706136694
-0.0946762006613552
0.0291723633676605
-0.0501405926717714
-0.0437688356830664
0.0610191252308708
-0.277083334970397
-0.0185152738084339
0.092666181015672
0.019901661808824
0.0542158071984631
-0.25201916893416
-0.0744514660282104
0.153923376712068
-0.108211829972334
0.211177083404498
-0.0192058219269291
-0.0853709564841884
-0.176012400311519
-0.10452859099177
0.157942035378467
0.0197584583355086
0.227931557790813
-0.113020213624406
-0.0237525446384299
0.123371888497488
0.134863689014339
-0.126552597803385
-0.0199599674251385
-0.0762245852376056
-0.128432943906216
0.157401591130763
0.188859381104362
-0.0436943776875011
-0.237105537526817
0.0956163570027702
0.181362789039829
-0.0137696082093622
0.121012820863611
0.0342970333513777
-0.0892675920848817
-0.00111322703741602
-0.234807983733577
-0.00413689207387621
0.052366159516075
-0.0874080196251237
0.00950668230002063
0.128440423794139
-0.0529024709805713
-0.233705992364237
-0.00153652449080643
-0.133726540465855
-0.183237743846485
-0.00221011106027047
0.0745634301744542
0.134267753870259
-0.195629301432268
0.048335725843343
-0.0402139370792791
0.306303386133848
0.13512104955444
0.041284665195989
-0.0316033241423828
-0.0320286273976354
-0.0862117297819722
0.134862177268222
0.196504490469128
-0.137491394867471
0.00635254841897896
-0.028868987406627
-0.0728253433355846
0.0394008714142933
-0.0691164835363549
0.0665687625439365
0.0562838025567039
0.0729080343548102
-0.188312960041929
0.182874138918845
-0.152377804479876
-0.313575491581118
0.0907126306360977
-0.032227610507005
-0.273139593817205
0.00792341793254358
-0.0504165038114443
0.18463707615644
0.252419135396828
0.341579667010778
-0.114446758404132
0.0265711850986236
0.0626642592840749
-0.101643441376945
0.297231598015202
0.115733624145361
-0.130194180738818
-0.0139032286166696
0.0602610450345785
-0.129698376979209
-0.195108625774942
0.229438126068626
-0.0990917073735701
-0.00897859836434359
-0.103269239189503
0.0706582013721397
-0.161240984972301
-0.00286594078061307
-0.0786348981175932
0.181444824671056
-0.0193736414051538
0.0158036833960419
-0.0691273882996828
0.0782233375151078
0.0732508238412752
0.0996585425665544
0.078369403023807
-0.031281485035917
-0.205325651855418
-0.0249572036336795
-0.0862508269837253
0.0779593687600224
0.0241054793804039
0.239606989131958
0.0129968278528103
0.092234549410919
-0.0802100772143621
0.0433631317204231
-0.099822738175441
-0.149082522141415
-0.0895142432596814
0.0817130482364377
-0.128860183885906
0.0211462278535018
0.123297569412902
-0.117101375129468
0.122751295872961
-0.0651784559794664
0.192862329341762
-0.118172582042453
0.0867379955224037
-0.153767426223374
-0.209211706294803
-0.203581996960498
-0.0671385909829696
0.218307199373547
0.260744389153786
-0.169338518774808
0.0878225779168692
0.0868354597189607
-0.0498672561293866
0.121340807253197
0.106815937884404
0.137671541692512
-0.146905955073586
-0.0851278763007661
0.0853632782203912
-0.121122667487069
-0.136326728235818
-0.150993185890259
0.131883607382404
-0.0839485546535063
-0.0867756811492822
-0.118203839849359
0.0880075692014415
0.0752902156296119
0.0466860711120507
0.00361505782751739
0.206109436870133
-0.0924605507585969
0.019081516324581
0.0142620218185129
0.0456265304259546
-0.00765935941732318
0.262579514835894
0.067084984269467
-0.0279032014144743
-0.0208313358306532
-0.00128258745425835
-0.0713720701380609
-0.0422782061226531
0.12749251461473
-0.0495063625512762
-0.0900316618635723
-0.201053959529738
0.146135922568569
-0.0982154246902866
0.031359089052059
-0.325045839390459
0.198155445570449
0.0424839852471197
0.0161523077460372
0.0240585741373404
-0.163178486800539
0.140492204254525
0.200660300835742
0.0100267386954117
0.0462937110466047
-0.098846202840238
-0.184906596082546
-0.221931126280476
0.0594241072507349
0.0713872261915346
0.076712755426422
0.117514399304232
0.0313127157248372
-0.183351537209542
0.0808756239989036
0.0396028062694786
-0.1040702171572
0.0417706954887362
0.0407981416392532
0.155969676857986
-0.00775459641170663
0.0102288302090716
-0.254255864408679
0.177345050126929
0.064192035664991
0.102170370707309
0.147023845741404
0.162227444510984
-0.211729742599751
0.0310350218656917
-0.322369294583639
-0.131802398551642
0.0607167522842757
0.145118726285669
-0.10167286892951
-0.149099679484811
-0.00682820098301351
0.0886867500591897
-0.0986348110789253
0.144484945300169
-0.209224959947007
-0.0919742637390777
0.0313807348280955
0.113592827124218
0.0381798382071424
-0.0410149502913586
-0.117993210222359
-0.0497191414434292
0.16638183316853
-0.0178557633501431
-0.0566269372102054
-0.00358894895366906
0.0424301628093974
0.025714419547283
-0.0145654039359042
0.185104328708734
-0.115119704896685
0.0690490053751938
-0.119339903488706
-0.0933876695555658
0.137667159785233
0.113004865630502
0.102510694750989
-0.232342880455061
-0.0897853486889871
0.0279439951385213
-0.109864453176989
-0.0206185012469529
0.0763315907732353
-0.153161754279522
0.131950576044247
-0.0437141451106071
0.0166661684319755
0.0108609324511707
-0.0534850906677877
0.302471018222024
0.165331691303303
-0.169038945861024
-0.0268053783520734
-0.0164161236602378
0.00719262949698786
-0.371422970975623
-0.0473834846117284
0.15320824049762
-0.0199332568041647
-0.0742297638150873
0.0827283102001494
0.156896283511092
-0.208570932618588
0.0434532368176572
0.180423448386932
0.175905201020287
-0.160638594417814
0.100568727123984
0.0510405311695504
0.171636803976109
-0.20333070328864
0.00567779634358763
-0.0424073489153219
-0.00643452144336145
-0.0196947621676148
-0.391803243759348
0.0103724675552821
0.0645291052731329
0.0319176312198039
-0.125700356993652
0.0996569959037196
0.0340387559192075
-0.257304645259329
0.141106146977174
0.157678352327169
0.285846274577989
-0.210787426425172
0.136827003559433
0.111720674561244
0.18958839172122
-0.222151089298524
0.0130015946669493
0.0160040195414819
-0.0259986177210435
0.0681819160079462
-0.0828651556336405
-0.0230566413526303
-0.169094960651028
-0.0634663241422524
-0.032894572636614
-0.0595991762021065
0.0621205330912389
-0.0375295469084781
-0.109086209053984
0.0300325470333307
0.0977894035501542
-0.0488763315226473
0.0805085986299817
0.127585846577634
0.403681228020955
-0.0610451545995998
-0.172391402028698
0.00996895648041712
0.0535796065871205
-0.0508289205797779
-0.0297975229859712
0.097372950022649
-0.143966293880692
0.246102518584212
0.130346548307853
-0.0187475159474301
-0.178584295778056
-0.133010297479745
-0.113609700593919
-0.0191113712953555
0.0680957199339161
-0.0813301076725361
-0.0118051273639863
-0.00435095706738594
0.115400156595221
0.0852286614998805
-0.0209530073664147
0.0992861770083912
0.0949984444962665
-0.013491972010819
0.239276099453146
0.0359836951990056
0.0299767746620566
-0.164254974744296
-0.0235533046651367
0.00705913105159276
-0.00804817575715601
0.180822351751363
-0.122326534051868
-0.121778516363518
-0.0793790178667473
0.0562591387894537
-0.136870235683199
-0.0536341532411486
-0.217839070533826
0.180177714931214
0.0173364275752256
0.0124971916925895
-0.0387504704828267
-0.0533565603845167
-0.210371751300322
-0.0295352335816609
-0.0229830667455564
0.140197548562668
0.00956729773163065
0.0923647026242284
0.0769605053006432
-0.269929983337941
0.0378230839358215
0.0993547927070408
0.195351193879179
-0.100541661833328
0.0772168260224985
0.0445654167707763
0.236749160365318
-0.211519328766139
-0.0856596631601032
0.175924717956413
-0.00521867989530311
-0.0225654420954859
0.0825855491084422
0.0441658618601215
-0.0196898476865974
-0.155117863164923
0.0327336524382161
-0.093270647370992
-0.0197525600543686
0.0739732812134682
-0.0392673585063919
-0.240777528937243
0.00858278694834297
0.0805820228881632
-0.0598131278053211
0.0147169210774082
0.0510112052579706
0.0700717858883469
0.0211252708797326
0.194874802550117
0.0933017598776609
-0.0176932661556335
0.157818990121762
0.000823195619073978
-0.114077584782087
-0.0424910133238704
-0.301666323564276
-0.186050180182334
-0.151076945609237
0.16090104411029
-0.0285560015898769
0.160493716839489
-0.0005917412071783
0.0702692448203721
-0.0395936713580484
0.0585646881094436
0.00396408351298911
-0.0648114834579394
0.0455966856692826
-0.0699371366767079
0.0277937101637308
-0.00473853037663927
-0.242171909263013
-0.0460505939906331
0.0919615179668402
0.116291599003101
-0.0708964321664085
0.134742071069328
-0.057512919227388
-0.274782300816991
0.156962702900873
0.0542587355973295
-0.0539401284666907
-0.0650598880099115
0.00883687890658878
0.075685622000957
0.0908711192736148
0.0385362308468834
0.0891496512651359
0.0142851631833311
-0.0333266263659306
-0.0470375165091127
-0.265061519813822
-0.150600297949482
-0.103072191085785
0.107422613237985
0.11664351541279
0.28587515071743
0.266926382431552
-0.0132340016487127
0.0903223619486639
-0.205817315357689
0.0490037988168843
-0.123887368966946
0.00308458525558099
-0.092819822450231
0.0371298127189065
0.102596690988597
-0.0384334145640093
0.0441269126531227
0.00200794406415976
0.0266439154172018
0.159113963848574
-0.0520940477506079
-0.129458171579957
0.00821614945846553
0.141666658940632
-0.210351229958931
-0.0621557738714247
0.198931419393211
-0.0800370797682902
0.098691035473603
0.0969529606598845
0.0486568957720224
0.0178868103305515
-0.187409115334409
-0.0501298285181189
-0.142619187733544
0.0713597685038543
0.0437595832533333
0.0154109245271732
-0.0424674830054682
0.313530948282619
0.0735103090799365
-0.0824162366950595
-0.0344413172840858
0.0672626220499788
-0.000562579237220827
-0.259600127319281
0.141441971625129
-0.125759556545196
-0.13038527033199
-0.141531628719477
0.12379392123058
-0.0554227610618454
-0.0209872031705267
-0.147529348551793
0.263442441157399
-0.00104920928420587
0.0446234801105308
0.0764177150508086
-0.123109233168635
0.21205846514432
-0.050885749573418
0.04361473689419
0.0425890782068661
0.0809663970436782
0.0207976543082013
0.0331491328093292
0.0162312579643808
-0.0299154390864547
-0.170446264892312
-0.02943568391119
0.0646699163994643
-0.107294886075919
-0.0124107407850099
-0.158008090431875
0.0897050760093037
-0.0433168220162606
0.0629613882607675
0.090755797420913
-0.116669728373451
0.112681747603945
0.0334232906283597
0.00524980468534884
0.00422288505674743
0.0724414623941489
0.0434705029932908
0.0327274808194216
0.0222258653889374
-0.0096683705792938
-0.250808824556321
-0.0640150120655494
0.0141664550202805
-0.0444494243730116
0.0240334763956164
-0.0827629483880236
0.0032672205132517
0.0467469311546213
