%%MatrixMarket matrix arrary real general
20 29
0.198310308933177
0.0149056325493829
-0.167959310487463
0.16498226114114
0.119628131017011
0.00178029034374564
0.0156437547254284
-0.0299818494070749
-0.0324580585859566
0.0917854363174944
-0.105585057779247
0.162170898924679
-0.230433845390859
0.00327718798245661
-0.26837381503769
-0.0528899390026883
0.0282639672409675
0.0232411540201258
-0.0340861042435823
0.0977789567389543
-0.0532919184012773
0.397567894931551
0.0957075447504037
-0.108299303193745
-0.153849296328205
0.0147602922530818
0.187444638879068
-0.168724468440319
0.00673381529079537
0.00383427138831516
0.166522062473796
0.197601911273077
-0.0455621852762987
-0.0880914711929367
-0.136166666039324
-0.0199647913965387
-0.115973110966325
-0.141878529097916
-0.0935603701765328
0.05518967926933
-0.169603561535855
0.0201035258691539
0.303643514859553
0.0711428293596038
0.0145992364389326
-0.0552475814044292
0.20554428190774
-0.0332633083074473
-0.0248233214342245
0.190730892891653
-0.0853816023365209
-0.0521114588904642
0.107608962327821
0.147860452025583
-0.348944095392878
0.0185570303423854
-0.0167449640574044
0.0944059959445779
-0.191545270024744
-0.196531558583036
-0.0501734238373647
-0.0638888524019422
0.130504354088757
-0.0187841973670785
0.00978902598841232
0.302312986996061
0.0703198636066562
-0.00121337180682214
-0.020704243266696
0.130076061288721
-0.0287042193876743
-0.129597961685589
-0.033104279530476
-0.0774901341387462
-0.0211395151792116
-0.0289175297796656
-0.191874639855457
-0.113541974059945
0.00846497022079948
0.127667080107262
-0.101890198803092
-0.0327596066256478
-0.112319023428215
-0.0977198760213212
0.140364874743277
0.011867167596558
-0.0124310245898613
-0.0682014074087473
-0.0572225703862932
0.048789066109677
0.070988192427805
-0.07336739903194
-0.160132539861133
-0.174660372545386
0.229775681490055
-0.214529041423602
0.164601096083938
0.0244386372330883
0.223396366793226
0.191011977647615
0.0470044419856838
-0.00802937431326242
-0.0837183090559099
0.0324047369617655
0.0878833752516704
-0.00745774261152308
-0.00504298123943722
-0.0090494858545316
0.0887977349182401
-0.0613594971856786
-0.218509877256463
0.0241952762266007
-0.0356839054298108
0.121747532946669
0.0194812839842744
0.167065422149477
0.0559023101148201
-0.180546686079607
0.0665929755700585
-0.101677231083036
-0.123907344380188
-0.122123642587434
0.188817731587039
-0.10222417249367
-0.151777552962037
-0.143693781658487
0.0225213557753778
0.0504921711444154
-0.0411406020375214
-0.116028836531792
0.0882451492238498
-0.119179678690494
0.11979194169939
0.008080831102742
0.193505017751241
0.128300330791536
0.153375951298453
0.0151000012016542
0.0283519213162467
-0.0765067915503219
0.244557446016133
0.124151475923414
-0.217832922381116
0.274603011570133
-0.274701256530665
0.0648824089424625
-0.259936579002185
0.0109779100968447
0.0507697851898803
-0.205573893787347
0.115836370619758
0.00434449925306294
-0.0542096172583407
0.0355942238276976
0.163243927417558
-0.0257483709612816
0.066027124074527
-0.0302437736593586
0.0840091117801421
-0.17075088113132
0.0298786928988937
-0.244007715963995
0.0364214499436801
-0.00366438573387966
0.355993959417047
0.0218861006869096
-0.0434563311163204
0.0846624935933809
-0.104141010907206
0.267952092863836
-0.227683881584377
-0.0764603723075235
-0.0128455789997185
0.0170434313529185
-0.164662214889216
-0.0629049120117143
-0.0151576728290912
0.0556970010504613
-0.0276797121565508
0.113128566692465
-0.0778880478120159
-0.211665742658863
-0.179412135546076
-0.0240615477360884
0.219012811338892
-0.0345523805014316
-0.00996108325072225
0.107271473806329
-0.060879925143261
0.0512271790349066
-0.137631450812328
-0.0381483985590096
-0.0590602674537093
0.116293807232056
-0.00561880351053047
0.0407787347214448
0.0376425037430368
0.0990344309662472
0.106126053231172
0.0614927889099521
-0.0581383337516922
0.0490086245011695
-0.0632087492046696
-0.0745300281758529
-0.270818891274026
0.0352378247650608
-0.135623608548977
0.086981065495577
0.116934065203596
-0.116211329720293
0.192304875679003
0.0381333781263202
0.0445528638070941
-0.0103001790852673
0.297379229967548
-0.0106908925361187
-0.0401323304791904
-0.107397398573766
0.118771752413869
-0.0922519386093864
-0.122098321635694
-0.0366373444257518
0.115277933913714
-0.0212273058697512
-0.137315206583843
-0.183367084923946
0.0148700936247191
0.059531448549251
-0.0246346867267355
-0.0646421854075244
0.024892237063796
-0.109740175996481
0.17459906753776
0.102552602068674
0.013694842453363
0.172524508869669
0.0979567764369553
0.135880536176856
-0.0882031516650411
-0.123914583459989
-0.098634352475906
0.167774982539359
0.0911103356631887
-0.221244909133356
0.0957877079765254
0.261888750051496
0.149015658152116
-0.181382059878423
0.102605617019083
0.123865693956203
0.00857321525714004
0.0819700461650798
0.0494718087609591
-0.0448642472112902
-0.173186685691557
-0.118646391371384
-0.223761803498873
-0.103525465796283
-0.12313325988999
0.156315359405914
-0.119381307013592
-0.154877587645251
0.0176905516029409
-0.219370874242564
0.0263110150877861
-0.251338612556416
-0.0461831069579603
-0.0760422976555121
-0.0515087470551203
-2.60419522718191e-05
-0.02289554388327
0.0377816168081701
-0.00730327088020962
-0.119846957169181
0.106342924649926
0.126208874471321
0.150107448221169
0.193306851273528
0.240860643530501
0.170164421366008
0.0133894285777921
-0.343188544625595
0.00994288956963123
0.0228582416510606
0.0469951829715122
0.085009993747103
-0.130328985859191
0.0412160729971262
-0.0482835044093346
0.0751787618025066
-0.0824419668055324
-0.154905205308786
-0.0385502248667739
0.07243831570767
0.0430919174297655
0.0586841875635295
0.186939523216223
0.013957874780405
0.0912676158594056
0.0367284260014825
0.068903163623931
0.0616803574890417
-0.10376590275459
0.106799159556435
0.0929649797230924
0.0577986136298769
0.0318455533330818
-0.047673773298771
-0.0231377967159029
0.142913038064556
-0.0312782661362772
0.0969359874351043
-0.0697050950450424
0.0485128512463249
-0.254794396584863
-0.103982105610568
-0.135618431324294
0.0813600524408425
-0.0284667091087445
0.00870872003676405
0.0077299176979045
-0.0117384131493684
0.0910953108287151
0.0336519889305308
0.0544675374714108
-0.074757886912141
0.0793134495514162
-0.046997723298943
-0.0747712511488574
0.151769570178276
-0.0858840941308963
-0.00320820308739713
-0.0390044653458375
0.0827932941693246
-0.174683483994249
0.0210412327483554
0.0543808938218137
0.0828431665211447
-0.0937078414678621
-0.0543329993833401
0.0636713737171494
-0.224585964876273
-0.176601120969679
0.110938228428343
0.201877405361886
-0.11940116077129
-0.104253000185748
0.0828797904010668
-0.115566302967934
0.0527802119465159
-0.186874444048255
-0.143497434908941
-0.00127927350291367
0.0908369049266657
-0.0865584274408651
0.167151537642962
0.188370297221861
0.0661125489629121
0.0270738144710702
0.106925016591467
-0.094602125353032
-0.0352498937731355
0.382857292170414
0.114563142054277
-0.00531808551083883
0.0652521887871823
0.125775277763359
-0.110176841581876
-0.172948945305585
0.259982314639472
-0.211374675687272
-0.169070631529398
0.0759580603226224
0.103070750011634
-0.269145511461695
-0.00927548459490893
0.00223556232317225
0.0718175467616791
-0.119328729063364
-0.00502121097270595
0.0177837894369827
-0.0487323374926896
-0.185169675345994
-0.0621191592840012
-0.125401400628223
-0.185494661916518
-0.180929296757768
0.0509617049109427
-0.0247234691184495
-0.13951808475613
0.178016997346819
-0.0232574406563535
0.143474357066896
-0.0508432118005886
0.311221295825152
0.113867469731624
0.100404279120809
0.00751237268211078
0.159571707107371
-0.0566252354719921
-0.0724071120221582
0.0258691792577521
0.180922170930011
0.155801636060358
0.0747519026833048
0.132793568815979
0.101560800142426
-0.0499735479562742
-0.0565259807368446
0.283021911524863
-0.1360744169723
-0.010522032406048
-0.0961624661477698
0.0314355041710772
-0.249766857587078
-0.0631966896003304
0.00202826510527102
0.0940428955656908
-0.255380559951037
-0.0922181708768915
-0.256519701775566
-0.333461282264836
0.180438983446202
-0.218047284302504
0.232480524647266
-0.117117690379006
0.0504192427375209
0.147916125432911
-0.0393779259301342
-0.0992376491966766
-0.0369300105169801
0.0197488040524332
0.181903883767358
-0.00902670654424961
-0.00852704647622283
0.0851407280134972
-0.0352298709946603
0.209004700317224
-0.0281607372021571
0.0745829131685815
0.0596498419161721
-0.106040070327565
-0.164649460289483
0.154729467318851
-0.0556484860109778
-0.119131748219033
-0.158760465334728
0.12027906211825
-0.0256339647744461
-0.174526700482682
0.200000032403832
-0.0562428995191552
0.128716525281578
0.101269527334433
0.168503200540176
-0.030500832173908
0.173507318141679
0.0127816990126065
0.0869697074962129
-0.315271754431812
-0.0336892432818626
0.201117412185135
-0.0145719201220768
0.0775671575576131
0.0804589122916926
0.0806164008972524
0.173300712954696
-0.0269029017219673
0.129388276496293
0.124772802972513
-0.13565362526678
0.0808229476635196
-0.138870235727451
0.121514314193184
-0.176921772571559
-0.0655749104877857
-0.0695942447126251
-0.0835581923554762
-0.162618855616516
-0.161603035347798
-0.0184971502179296
0.2143416675607
0.0608582266215476
-0.0503093507550363
0.0495273476059301
0.17374193745514
0.178517055964577
-0.080624462146893
0.00693912204290134
0.099515214817134
0.0142446759359867
0.0489854468884939
0.0161725072907408
-0.0512986400764451
-0.315509351946828
-0.0491754642150325
-0.239352035874653
-0.142561118564796
-0.0815155704557554
0.165999942070218
-0.0762197271862369
-0.153071510267968
0.0949732104875704
0.0284288955698378
0.0400215400014296
-0.0842229745131347
-0.0757923123045418
0.0366177775092782
0.0516830228887742
0.0881774348620445
0.156175781842163
-0.117568844178474
0.114573434421983
0.0212165180690121
0.133969922408742
-0.192211292039985
0.0126981557320979
0.0821295525248934
-0.0977870344765422
-0.0637915513509446
-0.152719291459103
-0.0647819092033775
0.213632267426422
-0.0808135212114258
-0.118442861962826
-0.0487007957390713
-0.0371262746573338
-0.0204139971156169
0.0486359504322955
-0.0366904537689035
0.0880309376390738
-0.154255713291398
0.102716782277199
-0.00957433365561246
0.19019448270813
0.109593610138122
0.113251182218135
-0.0693899270758205
0.0799595962344562
-0.153105729933345
-0.0111356467883559
0.0629760678582535
0.125770157846116
-0.0943776367176214
-0.168466856704778
0.0124838692855717
0.0467632666493874
-0.00843858601736296
-0.158098282385489
-0.0931427073569637
0.0508049133450432
0.0900169171520259
0.0535082073221447
-0.145853448826709
0.0856213807791799
0.149558562275859
-0.116138789069885
-0.0224680589512161
0.028977684705625
0.111638985599175
-0.0288625896845972
0.126550666803063
0.172152344261476
-0.0984497486631537
-0.197945617869854
0.0726889960794174
-0.0704996773384568
-0.137119179805392
-0.0926891212514746
-0.0622420722693672
0.139502649092616
0.133873652620535
0.00430081815960124
-0.0791743628015372
0.0557945460683297
0.0428018600534573
-0.0581532750692794
-0.024328289431638
0.0387134384894324
0.0630849625568223
