356.556
356.437
356.298
356.138
355.96
355.765
355.552
355.323
355.079
354.821
354.55
354.266
353.971
353.665
353.349
353.024
352.691
352.351
352.004
351.651
351.294
350.932
350.566
350.198
349.826
349.453
349.079
348.703
348.327
347.951
347.576
347.201
346.828
346.456
346.086
345.718
345.352
344.989
344.628
344.27
343.915
343.563
343.214
342.869
342.528
342.19
341.856
341.526
341.2
340.877
340.558
340.243
339.933
339.626
339.323
339.024
338.73
338.439
338.153
337.872
337.594
337.321
337.052
336.788
336.526
336.27
336.018
335.776
335.536
335.3
335.068
334.839
334.613
334.39
334.171
333.957
333.747
333.541
333.339
333.143
332.952
332.766
332.582
332.401
332.221
332.046
331.875
331.708
331.546
331.388
331.231
331.075
330.926
330.78
330.638
330.499
330.361
330.231
330.104
329.979
329.855
329.735
329.615
329.499
329.385
329.272
329.16
329.05
328.947
328.846
328.745
328.649
328.553
328.459
328.366
328.277
328.193
328.11
328.026
327.943
327.861
327.78
327.701
327.625
327.549
327.474
327.401
327.331
327.263
327.197
327.131
327.066
327.003
326.943
326.883
326.825
326.768
326.712
326.657
326.603
326.549
326.494
326.441
326.387
326.336
326.288
326.241
326.195
326.153
326.11
326.066
326.022
325.979
325.938
325.895
325.854
325.811
325.775
325.74
325.705
325.668
325.633
325.597
325.562
325.528
325.494
325.46
325.426
325.392
325.359
325.33
325.304
325.279
325.253
325.226
325.198
325.169
325.138
325.108
325.079
325.052
325.026
324.999
324.973
324.95
324.928
324.907
324.889
324.867
324.842
324.819
324.794
324.77
324.749
324.731
324.713
324.693
324.673
324.653
324.635
324.617
324.599
324.579
324.559
324.539
324.523
324.509
324.491
324.473
324.456
324.44
324.425
324.41
324.394
324.379
324.366
324.352
324.338
324.324
324.31
324.297
324.281
324.268
324.256
324.244
324.232
324.221
324.21
324.197
324.186
324.175
324.164
324.153
324.143
324.133
324.122
324.111
324.103
324.094
324.085
324.076
324.065
324.055
324.047
324.041
324.034
324.026
324.017
324.008
323.999
323.992
323.986
323.98
323.972
323.964
323.958
323.951
323.945
323.939
323.933
323.927
323.923
323.918
323.913
323.906
323.9
323.895
323.89
323.885
323.88
323.875
323.87
323.865
323.86
323.856
323.851
323.847
323.843
323.839
323.838
323.836
323.833
323.828
323.825
323.822
323.819
323.814
323.81
323.806
323.804
323.802
323.799
323.798
323.796
323.794
323.793
323.791
323.79
323.788
323.787
323.785
323.785
323.783
323.782
323.781
323.779
323.778
323.777
323.775
323.774
323.773
323.772
323.77
323.769
323.768
323.767
323.766
323.764
323.763
323.762
323.761
323.76
323.759
323.758
323.757
323.756
323.755
323.755
323.754
323.753
323.752
323.752
323.751
323.753
323.754
323.755
323.755
323.752
323.75
323.746
323.745
323.745
323.744
323.744
323.743
323.743
323.743
323.742
323.742
323.741
323.741
323.74
323.74
323.739
323.738
323.738
323.737
323.737
323.736
323.735
323.735
323.734
323.733
323.732
323.732
323.731
323.73
323.73
323.729
323.728
323.728
323.727
323.726
323.725
323.724
323.724
323.723
323.722
323.721
323.721
323.72
323.719
323.718
323.718
323.717
323.716
323.716
323.715
323.714
323.714
323.713
323.712
323.712
323.711
323.711
323.71
323.71
323.709
323.708
323.708
323.707
323.707
323.706
323.706
323.705
323.704
323.704
323.703
323.703
323.702
323.702
323.701
323.701
323.7
323.7
323.699
323.699
323.698
323.698
323.697
323.697
323.697
323.696
323.696
323.695
323.695
323.695
323.694
323.694
323.694
323.693
323.693
323.693
323.692
323.692
323.692
323.691
323.691
323.691
323.691
323.69
323.69
323.69
323.69
323.689
323.689
323.689
323.689
323.688
323.688
323.688
323.688
323.687
323.687
323.687
323.687
323.687
323.686
323.686
323.686
323.686
323.685
323.685
323.685
323.685
323.685
323.684
323.684
323.684
323.684
323.683
323.683
323.683
323.683
323.683
323.682
323.682
323.682
323.682
323.681
323.681
323.681
323.681
323.68
323.68
323.68
323.68
323.679
323.679
323.679
323.679
323.679
323.678
323.678
323.678
323.678
323.677
323.677
323.677
323.677
323.676
323.676
323.676
323.676
323.676
323.675
323.675
323.675
323.675
323.675
323.674
323.674
323.674
323.674
323.674
323.673
323.673
323.673
323.673
323.673
323.673
323.672
323.672
323.672
323.672
323.672
323.672
323.671
323.671
323.671
323.671
323.671
323.671
323.67
323.67
323.67
323.67
323.67
323.67
323.67
323.669
323.669
323.669
323.669
323.669
323.669
323.668
323.668
323.668
323.668
323.668
323.668
323.668
323.668
323.667
323.667
323.667
323.667
323.667
323.667
323.667
323.667
323.666
323.666
323.666
323.666
323.666
323.666
323.666
323.666
323.666
323.666
323.665
323.665
323.665
323.665
323.665
323.665
323.665
323.665
323.665
323.665
323.664
323.664
323.664
323.664
323.664
323.664
323.664
323.664
323.664
323.664
323.664
323.663
323.663
323.663
323.663
323.663
323.663
323.663
323.663
323.663
323.663
323.663
323.663
323.662
323.662
323.662
323.662
323.662
323.662
323.662
323.662
323.662
323.662
323.662
323.662
323.662
323.662
323.661
323.661
323.661
323.661
323.661
323.661
323.661
323.661
323.661
323.661
323.661
323.661
323.661
323.66
323.66
323.66
323.66
323.66
323.66
323.66
323.66
323.66
323.66
323.66
323.66
323.659
323.659
323.659
323.659
323.659
323.659
323.659
323.659
323.659
323.659
323.659
323.658
323.658
323.658
323.658
323.658
323.658
323.658
323.658
323.658
323.658
323.658
323.658
323.657
323.657
323.657
323.657
323.657
323.657
323.657
323.657
323.657
323.657
323.657
323.657
323.657
323.656
323.656
323.656
323.656
323.656
323.656
323.656
323.656
323.656
323.656
323.656
323.656
323.656
323.655
323.655
323.655
323.655
323.655
323.655
323.655
323.655
323.655
323.655
323.655
323.655
323.655
323.654
323.654
323.654
323.654
323.654
323.654
323.654
323.654
323.654
323.654
323.654
323.654
323.654
323.654
323.654
323.653
323.653
323.653
323.653
323.653
323.653
323.653
323.653
323.653
323.653
323.653
323.653
323.653
323.653
323.653
323.653
323.653
323.653
323.653
323.653
323.652
323.652
323.652
323.652
323.652
323.652
323.652
323.652
323.652
323.652
323.652
323.652
323.652
323.652
323.652
323.652
323.652
323.652
323.652
323.652
323.652
323.652
323.652
323.652
323.652
323.652
323.652
323.652
323.652
323.652
323.652
323.651
323.651
323.651
323.651
323.651
323.651
323.651
323.651
323.651
323.651
323.651
323.651
323.651
323.651
323.651
323.651
323.651
323.651
323.651
323.651
323.651
323.651
323.651
323.651
323.651
323.651
323.651
323.651
323.651
323.651
323.651
323.651
323.651
323.651
323.651
323.651
323.651
323.651
323.65
323.65
323.65
323.65
323.65
323.65
323.65
323.65
323.65
323.65
323.65
323.65
323.65
323.65
323.65
323.65
323.65
323.65
323.65
323.65
323.65
323.65
323.65
323.65
323.65
323.65
323.65
323.65
323.65
323.65
323.65
323.65
323.65
323.65
323.65
323.65
323.65
323.65
323.65
323.65
323.65
323.65
323.65
323.65
323.65
323.65
323.65
323.65
323.65
323.65
323.65
323.65
323.65
323.65
323.65
323.65
323.65
323.65
323.65
323.65
323.65
323.65
323.65
323.65
323.65
323.65
323.65
323.65
323.65
323.65
323.65
323.65
323.65
323.65
323.65
323.65
323.65
323.65
323.65
323.65
323.65
323.65
323.65
323.65
323.65
323.65
323.65
323.65
323.65
323.65
323.65
323.65
323.65
323.65
323.65
323.65
323.65
323.65
323.65
323.65
323.65
323.65
323.65
323.65
323.65
323.65
323.65
323.65
323.65
323.65
323.65
323.65
323.65
323.65
323.65
323.65
323.65
323.65
323.649
323.649
323.649
323.649
323.649
323.649
323.649
323.649
323.649
323.649
323.649
323.649
323.649
323.649
323.649
323.649
323.649
323.649
323.649
323.649
323.649
323.649
323.649
323.649
323.649
323.649
323.649
323.649
323.649
323.649
323.649
323.649
323.649
323.649
323.649
323.649
323.649
323.649
323.648
323.648
323.648
323.648
323.648
323.648
323.648
323.648
323.648
323.648
323.648
323.648
323.648
323.648
323.648
323.648
323.648
323.648
323.648
323.648
323.648
323.648
323.648
323.648
323.648
323.648
323.648
323.648
323.648
323.648
323.648
323.648
323.648
323.648
