%%MatrixMarKet matrix arrary real general
50 145
76
53
48
169
58
175
286
135
64
147
80
20
205
73
174
198
44
238
33
254
227
88
167
84
120
4
281
8
28
28
151
146
129
128
248
180
159
115
123
198
61
265
140
215
183
53
283
167
106
205
107
202
233
2
198
270
114
60
7
88
0
236
71
184
56
70
279
205
139
222
72
137
64
64
200
83
24
25
69
141
274
171
114
288
3
195
22
5
59
252
280
270
263
81
91
70
108
9
140
126
164
165
110
84
264
76
33
230
59
122
147
271
112
275
278
129
134
278
187
80
201
286
95
202
42
251
251
136
29
104
122
232
139
254
159
231
186
41
31
289
166
82
16
146
69
168
219
0
77
57
260
48
94
79
81
109
20
187
61
198
4
77
26
158
186
65
222
22
19
151
52
149
203
148
257
229
94
254
93
120
121
209
263
68
272
74
142
108
22
33
40
238
202
165
108
99
236
108
174
220
57
269
172
232
29
230
69
91
126
24
18
48
275
281
104
246
116
15
104
275
274
241
234
189
35
89
63
26
167
86
270
43
241
65
139
217
205
215
95
55
240
183
89
9
100
66
164
69
13
146
256
268
285
74
199
278
225
204
38
64
272
9
3
145
281
88
153
163
63
279
261
206
120
262
280
134
114
215
26
42
128
272
147
241
26
5
239
214
220
131
274
147
154
40
84
186
197
33
84
12
268
36
35
205
149
272
96
82
110
77
24
50
163
264
231
21
58
110
82
25
28
174
273
79
177
225
20
9
235
255
236
214
124
80
136
271
109
144
78
57
255
209
192
127
64
253
110
278
76
198
187
235
83
256
228
215
275
263
104
283
82
181
216
121
71
235
52
144
162
20
48
209
276
216
95
208
0
245
245
63
48
241
97
203
169
123
99
124
132
167
147
38
143
16
157
167
132
10
28
182
177
131
162
267
269
143
46
216
188
173
248
6
246
136
193
285
219
103
235
92
278
117
237
226
18
96
38
159
33
272
263
189
4
111
281
25
57
13
191
105
230
185
51
32
52
247
153
221
149
11
17
154
177
20
31
18
129
181
278
120
34
2
11
107
233
39
54
61
204
103
238
104
280
71
79
188
53
266
65
39
68
108
33
161
286
101
41
243
117
39
187
198
245
126
1
266
259
130
231
30
285
280
143
211
76
180
48
127
32
182
49
109
185
249
29
89
121
180
113
200
186
271
242
169
91
156
172
196
275
18
91
184
193
90
97
79
103
19
185
26
192
128
109
25
103
74
38
192
71
109
49
66
140
286
136
255
64
24
2
158
122
227
245
45
180
164
0
210
125
211
260
169
195
103
101
64
237
184
109
110
231
89
72
122
153
170
202
141
69
196
204
200
44
0
245
28
195
94
122
75
190
211
148
27
88
26
214
120
245
31
252
104
247
131
141
43
232
25
219
0
16
131
108
186
266
153
139
171
83
151
181
170
62
208
183
145
117
185
42
21
201
259
180
228
85
185
45
251
35
178
106
50
154
264
154
81
26
150
83
165
235
105
156
235
195
183
229
85
255
205
171
237
87
277
163
2
204
226
174
243
3
283
94
12
95
14
0
109
92
65
80
70
72
284
127
16
166
142
184
21
212
111
239
114
72
212
125
38
135
98
202
73
283
236
237
144
264
273
62
53
282
120
233
88
191
226
241
140
48
61
226
73
215
54
79
20
252
138
73
264
15
127
131
120
118
211
139
164
272
76
136
234
228
125
55
70
23
255
137
117
157
120
100
203
283
66
260
32
248
124
10
22
38
248
40
85
216
88
227
253
31
205
231
223
179
113
220
85
270
218
219
258
183
49
112
181
248
249
4
185
196
267
30
266
106
141
153
0
283
14
132
125
97
96
122
232
164
143
108
88
143
115
141
54
147
132
269
103
181
68
27
219
212
234
242
158
274
222
218
281
281
268
67
14
264
261
109
180
179
228
270
61
192
159
242
185
2
72
266
72
90
147
161
183
263
187
71
11
154
29
77
47
162
12
198
106
288
182
98
226
129
114
105
4
221
30
38
21
162
266
24
32
57
118
38
36
8
219
56
99
103
120
244
261
150
40
268
75
97
108
42
282
235
231
38
194
174
255
116
78
135
168
256
136
129
180
161
263
283
165
63
169
36
135
173
138
289
92
226
25
268
129
7
54
111
162
19
283
128
20
210
20
75
206
282
189
85
141
133
226
130
30
184
161
210
20
142
18
227
288
276
100
170
37
197
200
12
124
272
116
29
245
243
133
125
45
273
210
71
157
28
151
30
80
283
146
126
137
124
45
252
178
61
192
240
258
172
288
242
233
55
58
37
94
217
261
237
8
188
132
3
60
158
25
10
255
26
69
179
41
38
279
152
92
187
83
95
278
146
127
30
244
260
173
34
208
48
103
78
166
279
104
4
268
193
222
79
109
5
276
183
211
147
112
213
218
163
35
257
8
163
96
73
286
121
183
256
60
166
157
152
239
11
238
226
82
227
75
222
81
222
37
235
106
86
51
149
285
227
52
174
224
34
135
56
31
267
164
85
207
97
26
181
165
95
145
198
219
217
117
207
142
39
194
24
131
137
250
260
9
98
123
130
204
180
88
138
32
127
29
74
289
278
99
156
264
138
265
271
190
33
40
24
130
60
64
241
57
30
94
93
189
140
288
15
114
214
239
229
282
246
212
213
36
41
119
110
52
262
88
127
37
93
59
99
285
228
4
88
152
190
252
2
130
176
47
35
129
212
225
71
92
63
172
37
197
263
176
140
107
16
57
23
199
150
60
240
277
192
70
272
205
102
59
77
74
250
138
165
67
289
154
257
113
58
179
245
131
201
210
227
21
96
61
237
7
183
217
34
82
102
129
209
220
127
83
17
259
241
187
127
71
164
164
289
171
24
184
141
18
209
244
217
182
284
215
28
119
286
78
12
260
209
255
279
73
111
172
209
169
132
136
41
85
18
279
100
254
234
172
3
39
158
127
115
94
165
25
282
221
105
133
8
101
28
251
151
136
111
239
150
123
180
20
19
261
148
59
128
125
269
122
157
224
81
243
270
233
288
82
99
103
228
63
249
93
272
119
280
152
100
93
275
221
254
240
128
160
100
63
286
49
121
137
39
256
263
116
135
260
204
262
232
157
155
207
32
65
236
265
214
136
266
190
223
206
232
79
35
182
67
286
150
203
196
32
9
23
44
67
227
252
146
134
265
71
254
138
253
201
32
115
86
180
243
200
247
56
195
16
279
56
29
165
139
147
59
289
178
212
42
141
198
171
7
131
162
128
76
176
125
117
187
93
171
109
140
277
247
84
88
34
197
138
249
113
94
213
221
92
103
174
165
20
124
123
57
83
124
176
174
261
286
272
62
110
266
16
41
122
18
159
68
140
283
109
16
63
7
197
122
218
107
213
56
273
208
136
39
96
125
2
98
147
263
135
176
54
52
139
131
62
110
210
129
12
124
230
103
86
243
46
161
83
214
219
37
223
95
268
46
102
128
237
9
143
12
134
84
274
163
191
254
143
102
46
194
287
175
93
155
42
96
61
15
32
68
161
251
285
84
231
104
35
66
224
11
127
161
115
131
66
71
61
90
121
123
115
34
60
172
213
205
221
77
265
280
25
45
62
282
210
40
197
284
214
95
109
276
105
127
209
43
226
70
246
47
241
121
43
106
278
237
279
126
185
206
45
73
215
192
207
77
95
61
267
13
235
19
126
124
235
288
130
208
220
276
195
280
175
279
100
239
244
125
135
120
52
25
112
47
223
116
168
8
195
257
47
231
231
52
209
207
168
30
229
94
51
205
47
215
42
89
38
26
23
65
228
185
156
175
212
85
107
200
51
115
241
171
18
252
176
9
28
217
283
49
6
141
158
211
281
66
123
3
35
97
100
1
271
208
162
138
242
131
174
144
63
281
130
222
250
84
240
213
34
36
84
126
76
205
113
160
81
93
78
10
120
181
165
207
1
12
20
274
182
229
258
18
56
170
159
85
247
124
237
215
87
223
190
163
239
27
31
167
116
62
185
200
121
49
9
206
273
102
254
258
217
25
170
199
195
34
276
198
134
18
283
30
279
277
212
170
148
129
75
112
111
138
160
201
214
225
116
151
98
126
238
206
208
70
176
115
140
256
74
186
259
176
118
54
282
69
185
238
10
124
141
234
20
130
132
287
8
245
273
166
212
135
242
258
255
147
253
253
87
61
190
268
280
27
72
51
157
253
14
200
239
238
241
26
213
13
118
130
223
178
126
253
230
164
10
281
158
94
63
152
101
79
103
54
266
233
137
265
61
8
190
274
189
46
52
101
84
76
134
247
222
145
177
182
168
145
97
100
248
211
102
60
172
64
96
191
217
76
219
185
170
60
164
84
13
227
175
39
197
157
163
82
8
44
201
69
98
240
255
58
264
102
37
249
228
59
222
12
166
121
128
152
94
271
37
52
1
99
192
288
186
189
125
14
98
21
154
190
84
201
113
54
64
127
128
44
243
31
232
96
96
16
273
62
247
230
150
90
241
287
8
187
77
233
153
52
275
83
257
171
54
52
115
205
245
70
234
204
174
199
225
240
68
61
272
150
25
228
259
188
24
230
148
268
70
199
117
283
69
70
105
152
109
264
96
82
15
188
234
97
117
17
226
256
94
279
266
32
85
14
184
139
90
161
73
195
60
289
279
95
71
179
56
53
132
57
239
113
103
157
12
84
9
240
107
20
93
260
209
257
107
0
154
183
281
35
287
271
183
226
143
180
44
229
108
234
78
177
56
92
268
203
208
194
28
42
140
205
19
188
123
141
3
278
242
239
104
249
93
61
214
36
109
250
263
70
67
140
164
30
66
244
192
104
34
269
246
206
40
223
24
141
68
243
9
190
163
146
289
148
266
53
69
274
266
278
44
131
231
107
281
44
180
161
285
149
111
64
16
136
6
260
258
15
2
163
254
183
262
199
1
168
119
169
253
276
164
115
125
145
20
55
100
129
240
25
68
133
195
231
191
68
23
130
232
103
222
270
262
222
84
271
61
289
207
157
285
84
105
274
54
123
188
37
61
193
10
138
244
131
71
18
44
180
203
188
34
207
227
195
122
273
232
29
106
88
43
105
121
90
178
208
13
193
194
65
280
134
202
78
64
49
39
211
23
225
52
105
190
63
120
282
106
155
259
190
18
70
171
274
177
212
169
123
54
258
165
132
154
281
252
100
48
115
234
26
108
141
9
256
37
187
171
5
237
11
219
185
28
289
124
200
4
155
93
36
95
80
226
277
60
210
157
25
35
261
96
241
279
115
186
253
247
189
156
165
18
219
29
2
27
89
32
117
216
121
62
82
231
161
121
239
232
115
84
25
216
16
102
198
42
164
118
3
11
79
244
182
71
208
31
47
181
187
270
90
275
172
81
289
61
175
66
4
234
254
236
258
71
37
125
134
123
203
155
10
72
213
210
234
186
86
111
281
121
270
175
192
139
217
232
287
258
128
36
177
266
204
46
66
164
38
97
99
71
72
62
13
263
282
14
145
225
109
186
138
160
250
53
250
197
97
17
160
269
174
117
80
88
245
173
237
264
166
195
272
136
152
254
232
282
224
193
201
186
264
267
2
191
133
175
29
158
264
63
181
81
242
173
155
265
156
280
75
15
223
217
48
144
190
202
283
138
174
149
31
272
279
262
206
276
97
193
114
1
55
93
92
29
137
32
239
85
120
94
134
53
160
258
210
246
168
261
185
170
119
111
32
43
273
83
111
32
266
194
142
187
172
229
77
93
210
184
248
80
92
2
117
259
44
242
238
239
249
3
50
178
135
79
269
16
128
223
142
86
95
258
170
287
28
64
172
246
244
165
278
204
173
145
202
195
170
240
279
227
144
75
130
177
174
189
199
74
162
287
169
17
151
215
184
163
104
282
104
162
208
213
219
115
184
34
139
58
101
100
17
220
242
203
130
34
107
65
263
267
241
110
194
20
259
174
47
70
235
166
172
43
163
6
126
249
91
12
51
249
19
71
46
82
12
211
240
263
58
220
235
191
231
256
148
81
212
112
73
76
236
2
223
78
55
187
69
225
196
89
238
166
116
54
267
240
147
97
155
82
164
129
241
249
91
206
118
151
197
281
200
160
126
114
10
73
180
71
16
64
199
193
220
233
170
229
56
45
256
130
5
189
58
269
270
106
231
272
30
43
210
129
124
16
149
11
118
279
119
4
250
72
167
214
120
57
68
148
22
247
249
208
246
158
2
11
172
261
23
190
213
98
89
211
90
65
214
137
104
228
106
24
214
149
167
105
30
119
267
150
4
234
28
191
276
104
115
208
159
0
70
269
145
19
5
247
165
193
38
175
280
133
107
150
143
170
123
100
74
183
287
41
59
214
38
170
154
265
96
235
33
80
146
272
262
93
15
1
56
186
59
106
29
289
211
90
120
25
99
254
7
94
235
181
4
203
9
181
76
158
272
218
256
19
5
181
200
167
120
230
250
40
233
103
43
283
174
255
190
263
242
272
287
276
43
248
256
107
151
114
221
68
127
218
68
51
191
235
177
202
9
69
230
245
84
248
207
128
234
39
133
96
29
29
4
223
214
122
153
142
29
207
45
66
234
5
149
260
37
148
54
17
189
135
236
9
288
62
253
251
131
40
287
125
145
43
130
137
112
158
45
282
147
251
157
135
51
7
8
60
50
132
235
178
118
168
204
118
93
164
64
171
280
49
63
199
33
116
137
190
22
282
63
189
16
57
279
5
277
33
207
34
30
221
29
33
258
196
94
220
10
31
171
186
230
66
25
58
250
118
149
31
62
81
98
269
193
61
209
177
187
129
143
57
44
214
41
7
30
172
114
271
74
57
27
41
214
95
7
162
66
239
256
55
101
38
259
267
22
182
216
48
202
75
147
186
66
180
110
242
220
257
254
54
157
280
87
133
67
203
13
16
39
207
115
228
73
26
172
99
131
284
247
268
141
152
133
24
211
77
91
56
54
15
103
117
35
21
223
30
194
153
51
160
167
273
6
63
200
225
127
264
173
145
274
91
288
150
237
231
183
194
197
157
174
189
267
106
39
223
182
84
114
126
38
132
79
257
265
23
122
63
69
193
242
219
127
166
245
164
259
202
197
256
68
168
224
22
34
173
284
216
53
140
127
67
0
44
75
59
23
231
224
140
157
147
15
90
259
126
142
102
164
240
33
226
223
10
213
234
82
29
153
159
134
36
81
128
126
285
202
219
284
236
125
179
161
117
75
279
122
109
3
24
63
1
29
132
147
244
173
50
222
277
122
13
192
188
169
66
232
138
209
106
42
140
244
212
115
167
28
164
247
272
218
144
116
173
173
47
88
25
201
210
168
100
223
49
165
192
102
235
39
71
25
205
144
29
236
98
68
141
200
137
236
11
57
171
41
35
102
28
212
26
129
172
130
268
29
202
88
70
188
79
182
45
172
231
187
224
214
146
71
36
235
230
266
114
153
42
248
211
45
26
128
218
185
8
288
86
284
15
288
269
104
49
285
128
12
31
67
171
173
38
278
196
224
194
183
258
23
209
105
39
270
212
114
108
34
248
175
281
96
57
92
69
198
207
123
231
213
282
137
267
181
155
69
162
254
102
120
275
35
220
246
29
228
99
111
167
19
191
73
101
73
70
169
131
205
281
212
215
199
238
254
247
143
245
36
24
203
192
164
76
188
116
164
64
95
184
148
134
242
116
31
134
49
245
18
286
80
238
206
193
74
198
113
18
271
78
87
148
184
34
17
10
183
30
210
34
93
261
143
33
76
273
264
129
118
208
91
170
55
233
267
228
18
90
9
250
27
122
51
284
180
114
57
253
244
14
20
214
182
280
93
69
175
48
136
168
238
92
201
22
265
217
201
126
123
147
219
107
228
276
136
73
64
218
285
90
96
11
19
32
15
165
254
260
50
53
232
210
147
249
30
197
95
248
233
60
167
75
235
95
230
146
34
16
150
69
59
79
149
134
272
186
7
6
225
264
125
31
192
182
183
193
254
211
267
269
201
67
218
263
121
217
287
160
62
235
106
164
247
1
289
22
5
242
183
67
166
260
157
119
131
108
229
274
266
156
64
240
219
98
173
75
252
273
117
283
171
43
230
129
227
264
195
251
61
55
65
70
105
16
256
67
13
173
6
30
130
5
169
89
40
179
10
217
226
9
196
89
34
160
183
174
247
259
92
248
80
134
88
154
47
162
267
39
221
113
197
0
16
283
163
49
53
281
13
98
260
124
118
191
70
266
11
15
178
47
261
240
233
212
53
44
99
144
72
246
264
243
181
91
134
145
181
114
44
83
34
277
147
104
175
100
189
274
114
18
110
222
168
18
102
54
250
135
43
6
107
195
176
288
46
7
125
149
57
104
196
232
203
80
174
56
201
16
264
263
111
262
4
204
29
52
246
8
275
68
221
85
183
119
243
21
1
193
216
179
19
139
49
118
162
44
5
277
273
222
119
265
252
246
112
207
29
245
257
224
201
241
19
237
130
79
242
286
191
243
118
148
227
16
284
132
26
218
115
204
201
250
140
270
108
33
286
83
133
73
51
280
99
108
85
269
62
85
165
48
197
49
262
86
79
256
219
275
183
154
255
107
201
156
58
229
22
31
184
272
283
68
256
90
260
101
274
79
57
220
41
193
55
130
111
155
59
114
197
27
172
121
233
192
92
137
232
210
55
264
229
117
203
156
88
181
233
80
159
253
173
261
207
281
252
235
38
140
83
184
234
94
283
198
220
195
236
204
253
149
98
251
49
76
221
121
18
105
275
274
47
173
180
122
57
133
12
187
244
215
14
142
128
0
185
78
144
36
26
79
18
230
209
199
32
160
8
203
287
85
218
55
93
11
132
144
260
54
77
33
42
280
19
81
56
168
35
140
236
236
220
7
38
194
166
56
1
0
15
80
49
103
228
276
172
35
249
170
41
109
132
89
236
269
151
60
243
138
202
271
263
28
66
63
196
183
78
257
46
229
137
245
156
35
171
124
127
57
228
260
196
151
211
152
234
146
45
274
280
211
57
89
53
164
65
61
129
144
18
0
69
207
33
196
15
132
93
201
91
248
164
236
214
39
186
134
43
246
10
113
113
69
134
19
126
158
120
43
109
86
178
237
126
31
4
147
139
33
233
111
211
51
73
162
129
187
231
191
284
122
203
90
47
271
287
144
3
114
148
140
136
276
172
20
266
270
91
97
260
183
94
224
286
260
1
156
221
187
234
48
21
269
72
124
220
67
4
101
81
112
286
231
144
150
137
275
245
239
155
33
191
154
79
223
124
21
131
3
275
5
78
118
43
69
50
56
4
46
263
25
196
212
159
237
76
206
202
12
13
148
188
105
108
97
81
127
224
182
272
110
225
57
108
77
35
140
67
129
130
74
70
76
14
258
258
215
116
70
228
83
1
189
18
162
273
168
119
129
48
283
215
91
172
186
149
122
278
223
178
221
173
44
12
288
141
243
74
164
70
1
207
39
114
161
27
260
253
241
210
133
145
55
150
31
250
105
42
97
258
41
217
185
96
228
271
121
47
41
167
249
268
106
241
122
86
138
250
146
241
159
270
75
166
177
190
207
288
65
7
36
187
1
24
60
23
216
175
201
102
159
37
92
121
18
241
26
253
257
41
175
171
12
10
101
16
266
87
243
85
53
262
181
208
244
48
165
171
91
248
156
248
214
156
143
97
203
96
213
134
109
273
6
72
106
49
111
149
161
25
115
240
41
73
122
136
65
147
215
145
198
257
9
223
88
19
80
132
162
227
247
193
97
33
253
181
171
240
72
251
198
33
51
63
178
201
98
196
229
137
92
267
7
42
152
193
163
75
87
215
217
144
170
139
263
169
112
249
0
24
65
100
200
158
260
154
269
21
55
226
178
83
238
236
283
117
79
166
102
46
285
244
178
80
155
214
278
155
203
216
174
79
154
122
1
33
199
40
179
209
18
48
101
250
183
113
279
46
211
278
148
128
233
65
120
70
226
193
33
164
288
218
19
229
53
196
90
268
235
198
239
22
80
158
234
248
129
15
176
45
38
161
91
174
122
234
130
46
13
214
17
42
200
155
187
226
92
127
108
28
68
185
186
122
148
83
51
248
34
45
289
200
58
239
221
32
229
211
226
258
254
52
279
112
268
210
280
94
124
78
172
122
96
213
235
206
227
195
204
232
61
267
183
258
170
167
107
176
129
284
240
2
38
142
45
258
231
276
253
236
134
46
3
179
205
105
139
91
101
116
199
10
288
96
77
264
260
136
75
97
10
156
280
155
124
133
129
158
130
90
206
289
58
113
225
266
272
161
202
11
79
53
25
210
23
1
142
209
141
152
270
186
26
240
165
147
258
239
58
283
235
37
147
43
14
215
149
84
26
188
63
67
166
107
253
222
147
65
215
154
274
124
51
148
23
263
45
166
137
257
75
86
106
261
77
180
50
31
214
2
32
30
36
25
108
190
157
142
160
138
253
106
184
268
60
7
238
104
112
80
256
272
274
255
107
83
267
251
186
105
41
128
82
174
243
243
263
244
164
172
110
163
53
78
87
35
115
250
101
218
72
227
157
18
125
78
253
67
191
147
11
111
21
122
170
189
210
252
217
106
64
5
267
287
15
34
154
206
47
14
285
74
250
159
219
237
88
283
149
152
90
170
69
63
288
141
119
18
74
158
112
271
143
221
140
80
270
156
240
284
247
96
90
1
5
245
3
51
52
1
52
264
262
233
193
169
205
155
261
96
181
79
243
71
3
70
166
241
9
238
38
289
228
159
84
111
242
217
203
210
251
62
179
26
49
119
212
101
169
259
171
288
113
76
199
268
283
31
194
211
11
39
284
254
165
187
97
41
70
47
143
5
79
200
37
56
32
182
287
286
82
62
208
236
253
223
117
272
220
148
258
118
139
216
138
137
72
175
251
126
227
135
122
123
271
222
34
200
202
135
50
244
41
103
282
31
37
238
251
39
64
251
188
218
110
285
147
64
222
79
17
59
85
120
128
249
90
106
104
231
264
276
1
53
86
132
282
37
276
136
65
265
19
174
216
185
79
271
14
166
76
268
157
16
54
237
16
104
234
182
99
17
159
170
20
277
207
183
155
247
22
212
6
90
110
158
197
54
142
112
59
176
243
158
279
30
55
109
67
19
238
78
78
44
274
194
121
146
48
86
20
80
149
231
103
39
18
174
253
145
142
98
281
175
239
242
5
48
59
242
242
129
133
87
225
210
248
39
5
221
65
272
133
253
206
169
198
14
219
208
222
25
92
239
227
93
68
72
2
257
17
280
156
78
136
238
136
261
46
244
230
29
246
267
69
190
195
137
127
124
225
251
48
176
213
75
163
182
65
149
91
253
5
143
112
118
237
181
227
53
30
205
133
106
264
60
253
289
37
225
263
56
162
243
228
221
280
148
155
276
190
116
278
164
147
158
72
246
260
66
80
201
119
278
200
91
26
138
11
264
158
229
34
200
14
35
58
80
179
226
213
92
267
78
27
95
63
37
215
227
161
46
116
56
258
258
261
136
194
170
197
115
135
17
245
267
39
275
238
50
212
39
225
107
127
212
67
191
69
76
85
145
204
207
267
253
249
53
204
180
277
76
26
232
86
107
39
217
252
243
79
12
225
162
97
108
148
120
134
82
40
123
115
109
79
179
57
40
231
185
155
133
99
208
36
72
79
215
76
187
160
116
190
196
242
158
151
155
186
152
232
26
49
66
228
262
272
219
114
275
5
95
210
263
94
17
208
232
233
23
72
100
178
50
191
67
145
282
1
117
289
112
87
218
51
119
209
36
170
38
273
223
29
75
234
131
128
44
232
289
12
285
144
217
167
146
118
164
49
222
59
112
193
30
96
265
64
33
230
109
241
80
239
101
48
223
49
284
4
39
196
265
197
73
104
219
139
254
164
206
199
0
208
96
257
155
264
137
216
203
245
283
217
259
127
230
170
171
24
145
289
38
258
289
110
170
236
26
190
65
178
221
260
31
67
71
233
89
159
234
287
7
122
50
165
175
245
95
181
188
180
53
13
175
147
89
53
220
167
66
195
139
176
65
45
19
241
70
7
224
87
246
85
14
199
171
84
166
93
114
264
268
273
11
123
29
161
81
186
87
193
73
199
95
153
7
212
79
87
135
224
265
27
254
201
244
37
203
136
8
256
184
256
222
75
98
204
241
152
186
134
270
263
40
116
1
153
86
104
89
134
163
226
163
160
186
81
245
289
168
26
14
177
82
22
139
151
76
126
102
267
107
89
119
7
36
84
177
139
200
279
259
76
178
198
173
246
99
138
89
268
29
27
110
270
100
166
264
153
287
97
237
262
95
132
6
257
216
237
108
23
56
146
57
134
36
219
48
282
25
90
126
64
57
196
227
46
193
168
159
7
58
32
100
256
174
132
284
270
184
131
154
52
11
39
7
229
178
254
60
280
86
19
192
268
165
7
47
63
175
4
58
49
230
154
123
129
24
286
268
138
68
126
203
231
160
2
74
94
195
85
35
104
27
40
144
75
193
239
30
41
228
191
39
260
231
114
189
94
196
211
3
157
248
248
211
90
24
256
245
255
181
71
239
186
201
156
50
150
265
51
16
113
157
227
281
280
20
35
285
188
100
197
14
257
217
256
67
285
219
23
224
63
249
175
180
253
202
76
273
246
87
69
255
10
251
86
192
284
63
278
26
51
137
234
10
275
105
32
244
185
35
37
43
156
15
274
22
161
87
181
50
276
37
237
112
231
280
177
82
138
50
181
269
215
275
223
105
257
231
199
54
128
202
131
34
194
88
34
289
101
280
283
52
210
130
62
277
93
145
14
202
202
24
59
26
78
264
174
120
173
262
229
21
166
208
176
238
207
283
28
20
184
2
102
210
74
34
249
87
239
207
191
259
30
235
288
258
271
26
145
160
190
80
10
109
48
114
123
117
16
266
66
273
214
65
208
184
60
32
284
107
154
190
280
252
91
17
53
140
74
30
222
21
202
28
169
204
133
238
237
224
185
158
229
217
135
135
14
2
227
122
217
68
167
110
97
289
159
276
102
32
269
121
241
150
228
26
145
286
140
284
57
5
187
171
42
46
93
83
165
195
35
220
212
101
238
24
219
100
236
223
102
0
274
37
84
232
255
189
151
142
76
216
238
98
224
171
235
162
219
162
150
152
173
145
92
21
178
142
257
145
268
157
65
243
168
121
209
14
261
2
86
64
63
261
204
80
163
93
180
184
50
178
124
175
159
1
15
280
19
115
240
17
245
136
155
268
234
177
195
78
41
97
163
128
119
197
284
158
54
62
284
289
231
2
208
182
50
195
251
158
84
141
80
257
56
124
4
107
278
252
176
211
43
239
125
270
136
176
163
37
156
101
93
31
133
152
105
284
107
130
76
78
42
197
114
102
110
237
192
142
193
4
266
231
237
100
111
40
225
52
228
52
38
44
83
183
139
172
105
146
6
35
44
182
71
51
275
109
97
79
204
179
284
142
262
202
119
224
188
158
151
269
110
5
115
269
74
232
272
175
207
285
222
151
275
270
288
131
65
200
212
238
90
82
82
272
183
97
141
65
116
130
107
65
48
27
168
181
6
121
24
21
99
231
277
103
263
33
111
257
71
285
209
87
247
228
218
231
36
263
172
206
112
22
242
261
254
147
26
221
239
161
105
96
213
282
205
137
223
76
259
241
106
87
196
222
106
207
205
138
66
165
80
205
284
143
248
184
212
230
169
50
225
95
123
148
48
281
112
182
86
249
157
253
279
180
98
179
157
19
13
84
222
43
119
156
126
246
69
283
285
257
277
268
131
159
204
81
249
137
143
238
218
213
192
19
211
166
141
103
172
288
56
203
99
96
79
188
154
83
223
87
184
113
178
142
278
41
3
103
227
117
248
60
102
122
132
169
96
85
204
2
204
88
55
274
249
200
147
33
246
145
100
197
53
148
266
28
157
96
197
20
109
107
28
128
280
1
25
48
119
195
190
229
189
159
222
258
217
54
16
69
200
72
257
52
85
138
98
21
237
276
117
264
97
108
92
259
216
99
223
46
24
117
6
112
261
74
232
73
233
46
47
104
272
61
198
2
72
275
246
264
25
191
187
188
105
88
198
125
249
184
50
178
80
248
244
198
119
195
1
162
163
159
189
121
85
219
124
249
188
6
106
52
287
94
36
11
108
2
109
266
13
280
179
245
3
5
164
115
171
142
44
135
191
211
71
193
33
77
230
80
27
150
209
82
146
31
65
160
45
275
14
26
140
265
278
169
265
104
160
113
8
124
21
263
103
262
254
197
260
226
11
31
260
243
31
229
214
255
212
185
269
178
50
89
282
251
249
8
196
33
267
271
70
269
109
113
150
188
129
78
221
213
212
16
43
266
49
224
32
262
82
276
19
205
57
139
106
10
54
42
168
249
195
273
55
242
132
55
263
132
284
128
262
73
58
242
60
180
201
75
127
177
126
49
107
245
156
55
137
181
288
96
76
102
6
37
112
253
174
36
59
101
63
186
138
114
129
136
176
11
169
256
40
11
143
280
189
156
116
141
114
225
5
11
201
17
278
262
37
204
218
259
59
244
35
59
273
126
150
63
92
238
199
167
277
95
54
252
279
53
125
264
178
13
153
237
266
154
149
267
4
109
0
131
15
113
32
249
232
98
115
170
112
255
195
19
14
143
158
60
286
161
286
137
212
267
116
8
198
140
250
79
243
278
41
229
32
238
65
248
92
138
22
197
191
198
128
28
241
211
37
183
112
132
7
125
153
208
16
243
58
10
200
207
230
11
176
84
99
196
167
139
29
240
42
146
144
212
38
99
235
150
99
163
194
12
146
207
29
28
72
179
103
120
229
108
34
210
265
79
5
209
67
174
76
111
158
222
135
97
53
209
57
141
206
69
183
245
242
131
18
164
89
221
267
56
95
34
65
225
59
202
104
96
221
243
238
198
54
2
266
191
223
63
121
225
153
44
227
235
280
245
17
237
138
254
211
186
17
263
189
100
288
60
289
238
250
217
126
236
56
75
279
239
250
261
251
15
59
26
144
141
208
263
267
262
173
267
210
132
178
168
171
118
184
282
27
254
117
264
87
4
104
280
278
85
122
99
283
162
260
99
209
206
205
260
78
238
141
59
279
262
269
173
238
181
284
45
23
61
101
220
171
194
236
144
253
190
126
232
243
238
148
146
49
22
280
190
270
110
159
127
251
49
22
170
265
14
27
221
165
69
211
190
102
76
259
279
213
29
201
132
139
286
280
143
132
285
224
48
98
144
28
17
173
92
103
282
265
0
268
161
128
122
210
165
137
146
274
8
121
67
267
43
286
82
14
13
230
246
133
181
201
20
89
221
93
42
270
277
277
184
49
230
43
134
89
53
44
263
155
230
244
205
42
86
182
15
107
258
223
159
274
108
109
170
159
277
147
35
124
187
49
10
220
189
59
118
140
83
3
271
267
8
168
287
100
166
115
253
114
181
177
169
208
151
126
22
47
25
238
24
274
130
83
80
125
16
42
203
188
226
83
11
131
195
250
206
230
85
281
200
202
272
23
146
157
132
65
119
179
159
47
76
174
6
71
83
134
45
151
55
132
212
9
1
201
104
33
40
220
94
40
219
49
149
247
87
272
155
107
228
8
168
219
175
217
61
86
135
255
215
87
23
14
182
38
17
8
53
211
108
81
44
144
108
275
102
47
154
171
225
259
56
112
270
160
110
131
8
76
125
289
85
26
171
219
81
250
234
54
121
253
279
83
189
89
285
135
188
210
241
109
114
173
36
233
40
278
71
275
121
225
36
266
79
190
283
50
229
208
78
246
108
61
199
174
256
184
98
207
249
13
267
72
215
181
182
287
62
52
100
10
89
199
160
44
20
119
9
188
106
257
48
111
177
219
114
259
144
59
280
206
129
130
116
19
239
211
288
280
200
263
153
255
218
22
217
267
96
49
133
188
156
81
89
258
47
202
209
182
76
165
8
200
83
177
169
232
52
6
103
166
186
128
26
99
68
220
148
36
25
188
153
171
113
8
182
119
232
275
73
42
227
206
225
11
264
193
239
240
119
141
20
246
35
262
202
46
266
48
162
125
3
225
66
88
70
72
4
67
170
62
93
37
18
62
49
155
253
196
167
32
154
241
50
270
255
247
276
66
20
28
205
135
194
68
269
13
168
35
189
248
178
38
248
44
126
139
156
191
82
211
180
135
219
277
258
63
222
55
148
36
265
17
74
24
80
9
45
0
176
18
91
56
95
139
148
175
259
232
249
149
145
102
10
114
189
142
81
152
129
216
65
25
276
282
123
289
178
261
39
114
201
21
261
246
278
100
13
118
8
43
194
122
100
208
65
238
68
239
263
97
107
142
200
265
63
259
181
59
127
121
128
223
52
107
175
180
229
234
227
35
157
7
