%%MatrixMarKet matrix arrary real general
50 65
0
2
0
2
0
0
1
2
1
0
2
1
0
1
1
0
1
0
0
2
0
0
0
0
0
0
1
1
1
0
0
2
0
0
0
0
2
0
0
0
0
1
0
1
1
0
2
1
2
0
2
3
2
3
3
1
2
3
5
3
3
5
2
2
2
1
2
1
1
4
3
2
2
1
1
7
2
2
2
1
2
3
5
2
4
1
5
3
4
1
1
4
2
2
2
1
6
5
3
1
3
4
4
5
4
2
3
4
6
4
4
6
8
3
3
2
3
5
2
10
7
5
3
2
2
9
3
5
3
4
3
4
6
7
5
3
7
4
5
3
3
5
5
3
3
4
8
6
4
2
4
5
5
6
6
3
4
6
7
6
7
9
13
4
4
3
5
15
3
13
10
7
4
5
3
10
6
7
4
8
8
6
7
8
6
4
8
6
8
7
4
6
9
8
5
5
9
7
7
3
6
6
7
9
7
4
5
7
8
11
13
11
15
6
5
6
6
16
5
14
11
8
5
9
5
11
7
8
5
9
9
7
8
10
8
7
9
10
9
8
5
7
11
11
6
8
10
8
10
6
8
7
10
10
8
8
7
9
9
12
15
13
17
8
7
7
7
22
6
15
13
11
6
11
6
13
15
9
8
11
10
8
9
12
9
11
11
11
12
12
8
9
13
12
8
11
11
10
11
7
10
9
11
13
10
10
10
12
14
15
21
14
18
10
8
10
10
24
7
16
14
14
8
13
12
15
17
12
17
14
12
10
10
13
10
13
13
12
14
19
13
10
14
15
10
13
12
11
16
9
11
11
14
14
12
14
12
13
18
17
24
15
19
12
9
11
12
25
10
18
15
16
9
17
17
18
18
14
18
17
14
11
16
15
12
16
14
14
16
20
14
11
19
16
12
14
13
13
19
10
12
12
17
16
15
18
15
16
20
19
26
17
21
14
10
12
14
27
11
20
19
18
12
24
19
19
19
16
19
19
18
15
17
16
13
20
16
15
18
21
15
15
20
18
13
21
15
15
20
14
14
18
20
17
16
19
16
18
22
22
28
18
22
15
13
13
15
28
13
24
24
26
13
25
21
20
20
17
21
20
20
16
18
17
14
21
18
16
20
22
18
17
24
19
16
22
20
16
21
15
15
19
23
18
17
21
21
19
23
23
29
20
23
16
14
14
18
30
14
25
25
27
14
27
25
21
22
18
22
21
23
17
19
18
17
25
22
17
22
26
19
20
25
26
17
25
21
17
22
16
16
22
26
19
19
22
22
21
24
25
31
25
25
18
16
19
24
31
16
26
26
29
16
38
26
22
26
19
24
23
24
19
20
19
18
26
23
19
24
28
20
21
26
28
19
28
23
18
24
17
26
24
27
20
21
23
23
23
29
30
33
26
27
20
17
20
26
34
17
29
27
30
17
39
27
25
28
21
25
29
26
20
21
20
19
27
27
21
25
29
22
22
28
34
20
33
24
20
25
19
27
27
28
22
24
24
24
27
30
32
34
34
28
21
20
21
27
36
18
30
28
31
19
40
28
26
29
22
26
32
27
21
23
25
20
29
28
22
27
30
24
23
29
35
23
34
25
21
27
23
29
29
29
24
27
26
29
28
31
34
36
37
29
22
21
22
28
37
20
31
29
32
21
42
29
28
31
26
31
33
30
22
24
26
22
30
30
23
31
31
25
24
31
38
24
35
26
22
28
27
31
30
32
25
29
28
32
31
32
36
40
38
30
23
23
26
30
39
21
34
34
34
22
44
32
30
32
29
32
35
32
23
27
27
24
31
31
25
36
33
28
25
32
44
25
37
28
25
35
28
32
31
33
26
31
30
35
33
35
38
43
39
32
26
26
29
31
42
24
41
35
36
32
45
35
31
33
30
33
36
33
24
28
31
25
34
32
26
39
35
30
28
33
45
29
38
33
26
37
29
35
32
38
27
33
38
38
34
36
46
44
42
35
27
28
33
32
43
25
42
36
37
34
46
36
32
35
33
34
39
35
25
33
32
27
36
33
27
40
36
31
31
40
47
32
39
34
28
39
30
36
33
39
28
34
39
39
38
37
47
45
43
36
28
31
34
33
49
28
45
37
41
35
47
38
33
36
35
38
40
37
27
34
33
28
37
35
28
42
37
32
32
42
49
35
40
35
29
40
34
38
34
40
29
38
41
40
39
42
49
47
47
37
30
32
35
34
50
30
46
38
42
37
48
40
34
37
39
42
43
40
28
35
36
35
38
37
29
44
38
34
34
43
52
37
44
38
32
42
43
41
35
42
36
39
42
42
41
43
50
48
48
43
31
34
39
36
51
31
49
39
45
38
49
43
36
38
40
43
44
43
29
38
39
36
39
39
31
47
40
35
35
44
56
39
45
40
33
43
45
43
37
44
39
40
44
43
45
44
52
53
49
45
33
35
40
37
52
32
50
40
49
41
50
45
40
40
41
44
45
44
31
40
42
37
40
40
32
48
42
36
39
47
58
50
46
42
34
44
47
46
38
45
40
41
45
44
46
46
55
55
53
46
34
37
44
38
55
33
54
41
51
43
51
46
44
48
47
45
50
45
32
44
43
43
41
45
33
51
44
37
41
48
59
52
49
43
35
45
48
48
39
46
41
42
48
48
47
47
56
57
54
48
35
39
46
39
56
36
55
42
52
44
52
50
48
50
48
49
51
48
33
45
46
44
44
46
34
53
49
40
42
49
60
54
51
46
36
46
50
49
42
47
43
47
49
49
48
50
57
59
55
50
37
41
48
40
57
37
56
43
54
46
54
51
50
52
49
52
53
51
35
49
48
46
45
51
36
54
50
41
43
50
61
55
52
48
37
48
51
50
44
50
44
48
50
53
49
51
58
61
56
52
40
42
49
41
63
38
57
47
57
47
56
54
51
53
52
53
55
55
36
54
52
47
46
52
39
57
52
42
44
51
62
56
53
49
42
56
53
51
45
51
46
51
52
57
51
52
59
62
58
56
41
43
50
43
64
40
58
51
59
48
58
55
55
59
53
56
56
57
38
60
58
48
48
53
40
58
53
43
47
52
65
57
55
50
43
59
54
52
47
54
48
52
53
58
52
58
60
63
59
57
42
44
51
46
66
41
60
52
61
49
60
59
59
60
55
57
60
60
40
62
60
49
51
54
43
60
55
44
48
56
67
58
56
53
44
60
55
53
51
55
50
53
54
60
56
59
61
67
62
58
44
46
52
48
67
46
62
54
62
50
62
61
61
61
57
60
61
63
42
63
64
50
52
56
45
61
58
47
51
57
70
59
57
56
48
61
60
54
54
57
53
54
55
61
58
60
63
68
63
60
46
51
53
49
69
49
64
56
63
51
64
64
62
62
61
61
64
68
43
66
65
54
55
58
48
62
59
49
56
59
71
60
58
59
49
63
61
57
55
58
55
56
56
62
59
61
67
69
67
61
48
53
54
54
70
50
68
57
64
53
68
65
63
63
62
62
66
69
44
67
67
55
59
59
54
68
62
50
57
60
73
61
61
62
50
65
62
60
59
65
59
59
57
65
68
62
68
71
68
62
49
54
59
56
73
51
69
64
66
54
69
66
65
67
65
63
68
70
45
68
69
57
60
60
56
70
63
51
58
65
75
63
62
63
54
67
63
61
61
66
64
60
59
68
70
64
71
74
69
67
50
56
61
60
77
54
70
67
67
55
70
67
68
70
66
64
69
71
50
69
70
62
62
65
58
71
67
54
60
68
76
64
63
64
58
68
65
63
62
68
66
62
60
70
71
65
78
75
70
71
54
57
62
61
79
57
71
68
69
57
74
69
69
71
67
67
70
72
51
71
71
63
63
68
60
72
69
56
62
70
77
65
64
66
60
70
66
64
63
70
67
66
64
73
72
66
79
78
72
73
57
60
66
62
80
58
73
70
70
59
75
70
70
72
70
70
71
74
55
75
74
64
66
71
64
73
71
57
63
71
79
68
65
67
62
74
68
70
67
71
69
67
65
74
74
69
80
79
76
76
59
62
68
63
81
59
74
73
72
64
76
71
75
75
71
71
72
75
56
78
75
66
67
72
68
74
73
60
67
73
82
69
69
70
64
75
69
71
68
72
70
68
68
75
76
70
81
80
79
79
67
63
70
73
83
60
75
74
73
67
79
73
76
76
73
75
73
77
57
79
77
68
69
74
70
76
74
61
68
74
83
72
71
73
67
80
70
74
69
73
71
73
70
80
78
71
83
81
80
80
68
64
71
74
86
62
76
75
74
72
80
75
77
77
75
76
76
78
58
81
78
69
73
75
71
80
76
64
69
75
84
73
73
75
70
82
71
75
74
79
78
75
71
81
79
72
84
82
81
81
72
65
72
75
89
65
78
76
77
73
81
76
78
78
76
77
77
79
59
83
80
79
74
76
72
81
77
65
70
77
86
74
76
76
71
85
72
77
75
80
79
76
73
82
83
73
85
83
83
82
74
66
74
78
91
66
79
77
79
78
83
78
79
79
78
80
78
81
63
85
82
80
76
77
74
83
79
66
71
78
87
75
79
77
72
86
75
79
76
81
81
79
79
83
84
77
88
85
86
83
76
69
75
80
92
67
81
78
81
79
84
83
82
80
79
82
80
82
67
86
84
81
77
79
76
84
81
67
72
79
88
77
80
81
73
88
80
82
77
83
82
80
81
84
85
79
89
87
89
85
77
70
78
81
93
70
82
83
82
81
86
84
85
81
81
84
83
84
68
88
85
82
81
81
78
86
84
69
74
80
89
79
82
83
75
92
82
83
79
84
84
81
84
85
86
81
92
88
91
87
79
72
80
82
94
72
84
85
83
83
90
85
87
83
84
86
84
85
73
90
88
85
85
83
79
87
89
70
75
81
91
80
84
84
76
93
83
84
81
85
87
82
86
87
88
83
93
89
92
90
82
74
82
83
97
77
91
86
85
87
91
86
88
84
86
87
85
88
75
92
91
87
87
84
80
88
91
71
76
91
93
82
85
86
78
94
84
86
82
86
88
83
91
89
94
87
96
92
93
92
85
75
86
84
98
78
92
87
87
88
92
89
91
86
87
88
86
89
77
94
94
88
88
87
81
93
93
77
77
92
94
83
86
87
79
96
85
90
85
87
90
84
94
92
95
88
97
93
94
97
87
78
89
87
99
80
94
89
88
92
95
90
92
87
90
90
87
90
82
95
97
91
89
88
82
96
94
78
81
93
97
84
88
88
82
97
87
91
86
90
92
85
95
93
96
91
98
94
95
99
88
79
91
88
100
81
95
90
91
93
98
91
95
88
91
93
88
91
83
97
98
92
90
92
86
97
96
79
85
96
99
85
89
90
83
99
88
95
92
93
95
89
96
94
97
92
100
95
97
101
90
84
92
89
102
85
96
91
94
94
99
92
99
90
92
97
89
92
94
98
102
94
92
93
87
99
97
87
86
100
100
87
90
91
86
100
90
97
93
95
96
90
97
95
99
99
104
100
98
102
92
86
93
90
103
88
99
93
96
95
101
94
101
91
95
99
90
93
95
100
103
96
93
95
89
101
98
91
87
102
101
88
92
92
87
101
92
99
94
97
97
91
98
97
103
101
105
103
99
106
95
88
96
91
105
89
100
94
98
96
102
98
104
95
96
100
94
95
98
102
104
98
96
97
92
102
99
93
88
103
103
89
93
93
88
102
97
100
95
98
98
94
99
100
104
102
106
104
100
108
97
92
102
92
107
93
102
95
104
98
106
99
106
96
97
102
95
96
101
104
106
100
98
98
95
103
101
97
91
107
107
90
95
94
90
103
98
103
100
102
100
96
101
101
106
105
107
105
101
109
100
94
103
93
109
94
104
96
108
99
107
100
107
97
99
107
96
98
104
107
107
102
99
101
96
104
102
99
95
108
108
91
98
98
91
104
103
105
102
106
103
100
102
102
107
106
108
107
103
110
101
97
104
100
112
96
105
98
109
100
109
101
109
99
101
110
99
99
105
109
108
103
100
102
98
105
103
100
101
109
110
95
101
99
93
105
105
106
103
107
108
103
103
105
108
107
109
110
105
111
102
98
108
101
113
97
106
99
110
109
110
103
112
102
103
111
101
101
106
110
109
104
102
106
99
106
108
101
102
111
111
99
104
106
99
106
106
107
106
109
111
105
109
107
109
110
110
112
106
112
103
101
109
102
115
99
109
105
111
112
112
104
113
104
104
113
103
103
110
111
110
105
104
107
102
107
112
102
103
113
112
100
108
108
101
112
107
110
108
111
115
106
110
108
110
111
111
113
110
114
105
105
112
104
117
100
111
108
113
114
113
107
114
106
109
114
105
104
112
112
111
107
106
109
105
108
113
103
106
114
113
102
110
109
104
114
112
112
109
112
116
107
111
111
112
113
112
114
113
115
107
106
114
107
118
112
114
111
114
116
115
109
116
113
112
115
107
106
113
113
113
108
107
110
106
109
114
106
111
118
114
104
114
114
109
115
113
115
111
113
117
110
112
112
114
114
113
115
114
116
109
111
115
109
119
114
115
115
116
120
117
110
118
114
114
118
108
107
114
114
114
114
108
117
108
111
117
111
113
120
115
105
116
115
110
116
116
117
114
116
118
111
113
113
115
116
114
119
120
117
111
112
116
111
120
117
117
116
117
122
119
115
120
115
115
119
111
109
115
117
117
117
109
119
110
115
120
112
115
121
116
108
118
117
112
118
118
118
118
117
119
117
116
114
116
118
115
121
122
118
117
117
118
114
121
118
118
117
119
123
121
117
121
116
116
120
114
111
116
119
118
118
111
120
113
118
121
114
116
122
119
110
119
118
115
121
119
120
120
118
120
118
118
119
118
120
119
122
123
122
118
118
119
117
123
120
122
120
122
124
122
119
122
118
117
121
115
120
117
120
119
122
112
121
115
121
122
117
121
123
120
115
120
119
118
123
120
122
121
123
123
123
119
121
120
125
120
123
125
124
120
120
122
118
124
121
124
121
124
125
124
121
124
120
118
123
121
122
120
121
120
123
114
122
117
122
123
118
122
124
122
117
121
120
121
124
122
124
123
125
125
126
124
124
122
126
124
124
126
125
123
121
125
122
125
122
125
125
125
126
125
123
126
123
120
125
123
123
121
123
122
125
116
126
120
124
125
120
123
125
124
118
122
121
122
125
125
125
125
126
126
127
125
125
123
127
126
126
127
126
124
125
127
124
126
124
126
126
127
127
127
124
127
124
123
126
125
127
125
125
124
127
120
127
123
125
126
126
125
126
125
120
126
124
123
126
126
126
128
128
127
128
126
126
124
128
128
127
128
128
126
127
128
128
127
125
128
127
128
128
128
126
128
128
125
127
128
128
128
127
126
128
126
128
125
128
127
128
128
128
126
124
128
125
124
128
127
