%%MatrixMarKet matrix arrary real general
50 214
0
0
0
1
0
1
0
1
0
0
1
1
1
0
0
0
1
1
0
1
1
0
0
2
0
1
2
0
1
2
0
1
1
1
0
4
4
0
0
0
0
3
0
2
0
1
0
3
0
1
1
1
1
4
2
2
1
2
2
1
2
2
2
1
2
3
3
2
1
3
6
1
1
3
2
5
5
1
4
4
4
3
2
2
1
5
7
1
1
2
1
4
7
5
3
3
1
4
3
4
2
9
4
5
3
3
4
3
4
2
3
5
3
6
3
5
4
3
2
4
7
3
3
4
4
9
6
3
5
6
9
4
3
4
2
6
10
2
3
3
2
5
8
6
7
4
2
5
4
8
3
10
5
6
4
4
5
4
5
3
8
6
9
7
5
7
5
6
4
5
9
5
4
6
5
10
10
4
6
7
10
6
5
7
3
7
11
3
5
4
4
6
10
7
8
6
4
6
7
9
6
12
8
7
6
5
6
5
6
4
9
7
10
8
6
9
6
7
7
9
13
6
8
7
6
11
11
6
8
8
13
12
7
9
6
10
17
4
6
6
5
8
12
9
13
8
7
8
10
11
7
13
9
12
7
9
7
10
11
7
10
8
13
9
7
13
7
11
8
10
18
7
10
8
7
14
12
7
10
9
14
13
11
14
8
11
20
9
7
8
7
9
18
15
15
9
11
10
11
15
9
16
11
14
9
12
8
16
12
8
12
10
14
11
9
14
11
13
10
13
19
8
11
9
9
15
14
8
13
10
15
16
13
15
9
13
21
11
8
10
8
10
20
16
21
12
16
11
12
19
11
17
12
16
11
13
10
17
14
10
13
12
15
13
10
15
12
15
13
15
20
10
12
10
11
18
15
9
16
11
16
21
19
16
10
14
26
15
10
12
9
11
22
17
22
13
19
12
13
20
12
19
14
17
14
14
12
18
17
14
14
13
16
14
11
16
13
17
15
16
21
11
13
13
12
19
16
11
18
17
17
22
22
22
12
15
27
16
12
14
10
13
23
19
28
16
21
15
15
23
13
20
15
19
15
17
15
23
18
15
15
15
19
16
12
17
14
18
16
18
26
13
14
14
14
21
17
13
19
18
18
24
25
25
16
16
31
17
14
15
12
17
25
20
29
19
23
17
16
24
14
26
16
22
16
20
16
26
19
16
18
16
21
17
14
21
15
20
17
20
27
18
15
15
15
23
21
16
22
20
23
25
26
26
18
17
32
18
19
16
16
18
26
21
31
20
24
20
18
27
15
27
17
23
18
22
17
28
21
20
19
19
22
18
15
22
18
23
18
22
28
22
16
17
17
27
23
17
24
21
29
27
27
27
20
18
34
20
20
18
17
19
27
28
34
21
25
21
20
31
17
31
19
25
19
24
20
31
22
22
23
20
23
20
17
23
20
24
19
24
30
23
18
20
22
28
25
19
25
22
30
28
29
31
21
20
35
23
24
21
19
20
31
29
35
22
28
24
21
33
18
32
20
29
20
25
21
32
23
23
26
21
24
21
19
24
22
25
22
30
31
24
19
21
30
29
26
21
31
25
32
31
30
32
22
22
37
25
25
26
21
21
32
30
36
23
30
28
22
34
24
33
22
31
24
31
22
33
25
24
30
23
26
22
21
26
23
26
23
33
33
26
21
23
32
31
27
23
34
26
33
33
31
34
23
25
39
26
29
31
22
23
33
33
37
25
31
29
23
37
27
35
26
33
25
34
23
34
26
25
31
24
28
24
24
27
24
29
26
34
34
28
22
25
33
33
28
26
36
30
37
42
32
38
24
28
41
27
31
34
24
24
35
36
38
29
32
30
24
38
32
36
30
34
27
36
24
35
27
28
32
25
36
26
27
29
27
31
27
35
35
32
24
26
34
36
29
28
37
32
39
43
37
39
26
32
42
30
35
39
29
26
36
40
43
32
33
31
25
39
33
39
32
35
28
37
28
38
29
32
33
27
37
27
31
37
31
32
28
36
37
34
27
27
43
38
31
29
41
37
40
45
38
41
29
33
43
33
36
42
32
27
37
41
45
33
34
32
26
41
34
41
35
36
30
38
30
42
30
34
34
30
43
29
33
38
32
36
32
37
38
35
28
34
51
43
32
31
44
38
42
46
39
42
30
36
44
35
37
43
33
28
38
42
46
34
35
34
28
43
35
43
36
37
32
42
33
45
35
35
35
31
44
32
34
40
33
39
33
40
40
38
29
39
53
44
34
32
45
40
44
49
41
44
31
43
48
39
41
47
34
37
41
44
50
37
36
36
29
48
36
48
38
38
33
46
35
46
37
37
39
32
45
34
35
41
34
42
34
42
41
40
30
40
54
45
36
33
47
43
46
51
43
45
33
44
52
40
44
51
38
38
42
45
51
38
38
38
31
53
38
49
40
40
34
47
36
48
40
40
42
33
46
37
38
43
35
43
35
45
44
41
33
42
58
47
38
35
51
44
48
54
44
47
34
46
53
42
45
52
39
39
45
46
53
40
39
39
34
54
39
55
41
44
36
50
37
49
41
42
43
37
47
40
39
44
36
44
40
51
45
42
35
43
59
49
42
39
55
46
49
58
45
52
36
47
56
45
47
53
40
40
50
47
54
41
40
42
35
55
43
56
42
45
38
56
38
51
43
44
44
38
48
41
40
45
38
45
41
52
46
43
36
48
61
52
44
40
57
47
50
59
46
54
40
49
60
48
49
55
45
43
53
51
59
44
43
44
36
57
44
57
44
48
41
57
40
52
48
45
46
40
49
43
41
46
40
48
42
53
51
44
40
49
66
55
45
41
58
48
51
62
47
56
42
51
63
50
53
56
48
44
54
53
60
45
46
46
40
58
51
63
49
49
42
59
41
53
50
46
50
43
50
45
45
47
42
50
52
54
53
51
41
51
70
56
46
43
59
49
52
65
51
57
43
53
66
51
56
57
49
45
55
62
61
46
54
47
41
62
53
66
50
50
43
62
42
55
51
49
52
44
52
55
48
49
45
51
53
55
55
54
47
59
74
57
50
44
60
50
53
66
52
59
44
55
69
53
57
61
50
49
56
64
64
48
55
49
44
63
54
67
51
56
45
66
43
58
54
51
53
47
54
57
49
50
47
58
56
56
58
58
49
60
76
58
52
45
61
54
56
67
57
61
45
56
72
56
59
66
51
51
57
65
65
50
56
51
45
64
55
69
53
58
47
67
44
59
57
52
54
48
57
58
50
51
48
60
59
58
62
59
50
61
77
59
53
46
62
59
57
68
58
62
47
57
76
59
60
69
52
53
58
66
66
52
58
52
46
66
58
70
54
61
48
69
45
61
60
53
55
52
59
61
51
52
49
63
61
59
63
61
51
62
79
61
54
48
64
61
60
71
60
64
48
58
77
60
62
70
55
57
59
69
68
56
59
59
49
67
59
72
56
62
49
71
46
62
61
55
56
53
60
66
56
53
50
64
62
60
64
63
52
64
81
65
55
49
66
63
62
77
61
67
50
60
79
65
66
71
56
58
64
70
69
57
61
60
51
69
61
76
58
66
51
72
52
63
64
58
57
58
61
69
58
56
51
67
63
61
65
66
53
68
82
70
63
50
67
66
65
79
62
68
51
61
82
66
69
72
57
59
68
73
70
58
62
61
53
70
63
79
59
70
54
73
53
65
65
60
58
60
62
71
60
61
52
68
65
62
66
67
54
69
83
72
64
52
71
67
66
80
64
71
52
64
84
67
72
76
59
60
69
76
71
59
63
62
54
71
64
80
61
71
58
74
57
66
69
62
59
61
64
72
61
63
55
71
66
65
69
76
56
70
84
73
65
55
73
68
67
81
65
73
56
65
87
70
74
77
62
61
72
77
80
60
65
65
55
73
66
82
64
72
59
75
58
70
70
63
61
65
65
74
62
67
58
72
67
66
70
77
58
72
85
75
66
57
77
70
68
82
68
74
57
66
89
72
75
81
63
62
74
78
81
62
68
66
56
75
67
84
68
73
60
79
59
71
71
65
77
69
71
77
63
68
59
73
68
68
71
78
60
73
90
78
67
58
78
72
74
83
70
75
59
67
91
73
77
83
65
64
77
79
83
63
69
70
57
81
70
86
69
76
64
80
65
75
73
68
80
70
72
80
64
71
60
76
69
70
73
79
61
76
91
83
68
60
79
73
77
88
72
76
60
68
92
74
80
84
68
65
78
81
85
65
71
71
59
82
71
88
70
77
65
81
66
77
74
70
83
74
74
85
65
74
62
78
70
74
74
82
64
77
92
84
74
62
81
74
78
92
74
78
62
70
93
75
82
86
69
66
82
84
87
66
75
73
61
83
75
89
73
78
67
82
68
78
80
73
86
76
75
87
67
75
63
80
74
75
76
83
65
78
95
87
75
64
82
76
79
94
75
79
63
71
94
76
83
89
70
67
84
85
89
67
78
74
62
84
77
90
74
79
69
83
74
81
81
74
87
77
77
88
68
76
72
81
75
76
81
89
66
79
96
89
76
65
85
78
81
95
78
83
66
72
97
77
86
90
74
71
87
86
91
69
79
78
65
88
78
93
76
83
70
85
75
83
82
75
89
78
79
89
69
78
73
83
76
77
82
91
67
80
98
90
77
70
86
83
85
96
82
86
67
73
98
79
89
91
76
73
88
90
93
71
81
81
66
89
79
96
79
84
73
86
77
87
85
77
90
79
81
90
70
79
75
87
78
78
83
92
69
82
99
91
78
73
88
84
86
97
84
87
68
76
99
82
92
93
78
74
90
95
94
75
82
82
67
90
81
97
81
85
75
87
79
89
90
79
91
80
82
91
71
80
79
90
80
80
85
99
70
88
102
92
82
74
90
85
87
100
85
88
69
77
100
83
93
96
79
75
92
99
96
76
83
83
71
91
82
103
87
92
76
90
80
90
96
81
93
81
84
92
72
81
80
95
83
81
87
103
72
93
103
94
83
78
92
89
88
101
90
89
72
79
101
84
95
100
80
78
93
100
99
85
84
88
72
93
84
104
88
95
78
91
81
93
98
84
96
82
87
93
73
83
82
96
85
82
88
104
73
96
104
95
84
82
93
91
89
104
91
92
74
82
102
86
97
102
82
83
95
101
100
86
85
90
73
95
88
105
94
96
79
94
82
96
99
85
98
84
89
94
74
85
84
98
86
83
90
105
75
103
106
98
85
83
96
94
90
105
94
94
75
86
103
88
99
103
83
84
97
102
101
90
87
93
74
99
89
106
97
97
81
96
84
98
100
86
100
85
90
95
75
87
85
99
87
84
96
107
76
105
107
100
86
84
98
97
94
107
97
97
77
87
105
89
100
107
84
85
98
104
103
91
88
94
75
101
92
108
98
99
82
98
86
99
102
90
101
90
91
96
78
90
86
102
88
85
97
110
80
107
108
101
87
85
99
98
98
114
99
98
78
88
106
90
102
108
85
87
99
107
104
92
90
96
76
103
94
109
100
100
84
99
88
102
103
94
102
92
95
97
86
92
90
103
89
86
100
113
81
109
110
103
88
86
106
99
100
116
100
99
79
89
107
94
108
109
86
88
100
109
105
93
91
97
83
104
95
112
104
103
87
107
89
105
104
96
103
97
96
99
88
93
91
104
90
89
102
115
83
110
112
104
89
94
107
105
102
117
102
100
80
90
111
97
109
110
87
90
103
111
107
97
92
101
87
105
97
116
105
105
93
108
91
106
105
97
104
98
98
101
89
95
94
106
96
90
104
116
85
114
113
106
91
100
110
109
103
119
104
102
82
91
112
98
112
111
88
91
104
113
108
100
93
103
88
110
98
118
106
106
96
110
93
107
107
99
105
99
99
102
90
96
97
107
99
93
105
120
86
115
116
109
97
101
111
110
104
120
105
103
83
96
113
99
114
112
89
92
105
114
109
101
97
106
90
115
100
119
112
108
97
111
94
109
108
100
106
100
100
103
93
100
101
109
101
95
106
124
87
116
118
111
98
103
114
112
107
121
109
104
87
97
115
102
119
114
90
93
107
115
110
102
98
107
94
120
101
120
113
111
101
113
95
114
109
101
107
101
101
107
94
101
102
110
102
96
108
125
89
118
121
112
104
107
115
114
108
122
112
105
94
98
118
103
120
115
95
94
110
116
111
105
99
110
95
122
102
122
115
115
102
116
105
115
110
107
109
104
102
109
96
102
103
111
103
97
111
126
91
120
122
115
105
108
117
120
109
123
114
106
95
101
119
104
121
116
96
95
111
118
112
106
103
112
96
123
103
123
116
116
103
118
106
118
111
110
110
105
105
110
97
104
105
114
105
102
113
127
93
123
125
116
106
113
118
121
111
124
115
107
97
102
120
108
122
118
97
100
112
119
113
107
104
113
99
126
104
124
118
119
105
119
107
119
112
111
111
108
107
111
103
107
106
115
107
107
114
128
96
128
126
119
107
115
120
122
113
125
116
108
99
103
122
112
124
121
98
101
116
122
114
108
105
114
100
127
105
126
120
125
106
123
108
120
114
118
112
113
109
114
104
108
108
116
109
109
118
130
97
129
128
120
110
118
125
124
114
126
117
110
101
107
124
113
125
125
99
102
118
124
117
109
107
117
101
128
106
128
121
129
110
124
111
121
119
120
113
116
110
116
105
110
110
117
110
110
119
131
98
130
129
121
114
122
126
125
115
127
119
111
102
109
127
115
127
126
100
104
120
125
119
113
109
118
102
130
109
129
122
130
115
130
112
123
121
122
114
119
111
118
107
112
113
118
115
111
120
133
99
133
131
122
115
124
128
128
117
128
120
115
103
116
128
117
129
128
106
107
121
127
121
115
111
119
104
131
110
130
124
131
116
132
113
124
122
123
115
121
113
119
110
115
114
119
117
112
121
135
100
136
132
124
116
126
129
129
119
129
122
116
104
117
129
118
132
129
108
111
122
128
123
117
112
121
108
132
114
131
132
132
119
133
114
125
125
124
117
125
114
120
111
117
120
121
118
114
122
136
101
137
137
125
119
127
131
132
120
134
124
117
105
120
131
119
133
130
110
112
123
132
126
118
113
126
112
135
119
136
134
133
123
135
116
126
126
125
119
126
115
124
112
119
121
126
119
116
123
137
103
139
139
126
121
128
132
135
122
136
125
119
106
122
133
123
135
133
111
113
127
133
130
120
115
127
117
136
125
138
136
134
124
137
118
127
128
126
120
129
116
126
113
120
124
128
120
119
126
138
105
140
142
131
126
129
133
136
123
142
126
120
108
125
136
124
136
135
114
114
128
136
133
124
118
130
120
138
126
143
137
135
125
138
120
128
132
131
122
130
118
130
114
121
125
129
123
120
127
140
116
141
143
133
127
135
136
138
124
144
128
122
109
130
137
125
137
137
116
115
130
138
134
125
119
132
122
143
128
146
143
137
129
140
123
132
133
134
124
131
122
131
115
122
129
130
125
122
128
143
117
142
146
134
128
137
140
140
127
145
129
123
113
131
139
126
142
139
117
118
133
140
136
126
123
133
123
148
129
147
144
138
130
144
126
133
135
136
125
136
124
133
116
125
131
131
129
124
129
144
118
143
147
135
129
139
146
143
130
148
130
126
119
134
142
130
144
140
122
120
136
141
137
127
126
137
127
150
131
148
148
139
131
146
127
136
136
138
130
137
128
136
121
127
132
132
130
125
131
147
120
146
148
136
131
140
149
144
133
153
132
127
122
136
146
137
146
142
123
124
138
142
138
128
128
138
128
151
132
149
151
140
133
149
130
138
138
139
131
138
129
138
122
132
134
135
132
126
133
148
121
147
150
138
132
141
150
145
137
155
134
128
124
138
149
138
147
143
127
127
140
144
139
133
129
139
132
152
133
150
152
141
134
152
131
140
140
140
133
139
130
139
123
135
135
136
133
127
135
149
122
149
153
143
133
142
156
146
138
158
138
129
127
140
153
143
148
147
128
128
141
145
141
135
130
143
134
153
134
151
153
142
135
153
133
141
142
142
138
141
132
141
126
136
137
138
134
129
137
152
123
151
154
144
134
144
157
147
139
159
140
131
129
142
155
144
155
148
132
129
143
147
145
136
131
144
136
154
138
152
155
143
136
154
135
142
143
145
142
142
134
144
127
138
138
141
135
130
139
153
124
152
156
145
136
145
159
148
140
163
143
132
130
144
157
145
157
149
133
133
146
148
146
139
133
145
137
157
139
153
156
144
137
157
138
143
148
146
144
143
138
147
128
139
139
143
136
134
140
154
125
153
159
146
137
146
162
149
141
165
145
133
131
148
159
150
159
150
134
134
147
150
147
140
134
147
138
159
140
156
159
147
138
158
139
144
149
150
145
144
139
150
129
141
141
144
137
135
143
158
127
155
160
148
138
148
165
150
142
166
149
136
137
151
160
151
160
153
137
135
148
152
149
141
136
148
139
160
141
159
161
148
139
159
141
145
153
153
146
146
141
151
132
143
142
145
139
139
144
159
128
156
164
150
140
150
167
151
146
167
150
137
140
153
162
152
161
154
139
136
149
155
151
143
138
149
143
164
142
160
162
150
143
164
142
146
156
155
148
150
143
153
134
144
144
146
140
145
145
161
133
162
165
151
144
151
168
155
153
168
151
138
145
156
163
153
162
157
143
137
150
157
152
145
139
153
145
166
144
162
167
152
146
165
145
150
157
156
150
152
144
155
135
147
148
151
141
146
147
162
135
164
166
152
145
152
169
156
154
169
153
141
147
158
165
154
164
160
144
138
153
159
157
147
143
155
146
167
145
163
169
153
148
166
150
151
159
157
152
153
148
156
136
149
150
154
143
147
150
164
138
165
167
153
147
153
172
158
155
170
154
142
149
160
166
155
165
163
145
139
157
161
159
148
144
157
148
169
148
164
171
155
150
170
152
152
161
159
157
154
152
158
137
150
151
155
144
149
152
165
139
167
169
156
148
157
173
159
157
174
156
143
151
161
167
156
166
164
146
141
159
164
162
149
145
160
149
170
154
165
172
157
151
173
154
153
162
167
163
155
156
160
139
151
154
156
146
150
153
168
143
169
171
157
150
158
175
163
160
177
160
144
153
165
170
158
167
166
147
143
161
166
168
150
148
162
151
171
157
168
173
158
156
174
156
155
163
169
167
160
157
161
141
153
155
157
147
151
156
170
144
170
173
158
153
160
178
164
165
179
161
145
155
166
171
162
168
168
148
144
165
167
174
153
149
163
160
173
160
171
175
162
158
175
157
157
167
174
169
161
158
165
145
154
159
159
148
155
157
171
147
171
174
161
154
161
179
170
166
181
162
147
156
168
172
163
170
169
149
145
166
171
178
154
153
165
164
176
165
172
176
164
160
176
160
160
168
175
170
162
159
166
146
155
160
161
150
159
159
173
148
172
176
162
155
165
181
171
167
187
163
153
157
169
173
167
173
170
151
147
167
172
180
157
154
168
166
178
166
173
179
166
163
177
163
161
169
177
172
165
161
171
149
156
161
162
151
161
161
175
149
177
178
163
156
168
183
173
168
188
166
156
159
171
177
168
174
172
154
150
170
174
181
159
156
169
167
180
169
174
180
167
164
178
165
162
170
180
177
166
169
172
150
157
162
168
152
162
162
178
151
179
185
164
157
169
184
177
169
190
167
157
160
172
178
169
176
173
156
151
175
175
183
160
161
171
168
183
171
176
183
168
165
180
166
163
174
182
178
168
170
173
151
158
163
172
153
163
163
180
154
180
186
165
158
172
188
180
174
191
169
158
161
173
179
171
177
174
157
152
176
180
186
162
162
172
169
184
175
178
184
169
169
183
170
167
175
183
180
172
171
180
152
161
164
173
155
164
166
182
156
181
187
166
159
173
192
182
175
193
170
159
162
174
181
172
180
175
160
154
178
181
187
163
165
173
170
185
176
182
186
173
173
184
172
169
176
187
181
173
172
181
153
162
165
174
156
168
168
183
158
183
190
167
162
175
194
183
176
194
172
160
163
176
182
173
181
176
161
155
179
193
189
168
166
174
171
187
179
183
187
174
174
185
174
170
177
188
182
176
173
182
154
164
167
176
159
169
169
186
161
185
191
169
167
176
197
187
180
195
173
162
164
177
184
174
183
177
162
157
181
194
195
169
167
177
173
192
183
184
188
175
177
186
181
171
178
191
185
178
175
185
157
165
168
179
160
173
171
189
165
186
192
171
172
178
198
188
182
196
176
169
165
179
185
176
185
179
164
158
183
198
196
172
168
178
176
193
184
185
189
178
181
187
182
172
179
196
186
179
176
186
161
166
169
181
162
175
172
192
167
187
197
172
173
180
199
189
183
197
177
170
167
180
186
177
190
180
166
160
184
201
197
173
169
183
177
195
186
186
192
181
183
188
183
174
180
197
187
180
178
187
164
167
170
182
164
176
174
193
168
191
198
174
174
182
205
193
185
198
179
176
174
184
188
178
193
183
169
161
185
203
200
174
171
186
179
197
189
188
196
182
185
191
188
177
182
201
191
183
179
188
165
168
173
183
165
181
175
195
169
192
200
175
175
185
208
195
186
200
180
179
175
185
191
179
194
186
171
162
186
205
203
175
173
188
181
199
192
189
197
183
187
195
190
178
188
202
192
184
180
189
166
170
175
184
166
183
176
197
170
194
201
176
176
190
209
197
188
201
181
181
178
186
192
180
197
187
173
163
187
206
204
176
174
189
183
200
196
192
199
186
188
196
193
180
190
204
197
186
186
190
170
175
177
188
167
184
177
200
171
206
203
178
177
191
211
200
196
202
183
183
181
190
193
183
198
190
174
164
189
207
205
177
175
192
184
201
199
193
201
188
191
198
198
181
192
205
199
187
190
191
171
177
179
189
168
190
180
201
172
207
204
179
178
192
212
202
197
204
186
186
184
195
195
184
201
191
175
171
192
208
209
179
176
195
186
202
200
195
202
190
195
199
201
183
193
208
203
189
193
192
172
180
180
190
170
191
182
203
173
209
207
181
180
195
213
204
198
207
188
187
185
196
198
191
202
195
177
172
193
212
212
182
179
197
189
203
201
197
204
195
197
200
203
185
194
209
204
194
195
195
173
181
183
194
173
192
184
204
175
210
209
182
181
196
214
211
206
208
192
190
187
197
200
192
203
196
180
173
194
213
214
183
180
199
190
204
203
198
207
196
198
201
205
186
195
210
206
195
197
197
174
182
186
197
176
193
186
205
182
211
210
184
183
197
215
213
207
209
193
191
188
199
202
193
210
199
181
175
195
218
215
184
182
200
191
206
207
201
209
198
199
203
206
187
196
213
207
197
199
198
177
185
187
198
181
194
188
206
187
212
213
186
190
199
220
215
209
212
199
193
191
201
204
194
211
201
184
176
197
220
217
192
186
204
196
207
210
203
211
199
201
204
209
189
198
217
214
199
200
200
178
186
188
201
182
195
189
207
191
215
217
187
192
203
221
216
210
213
202
194
194
204
205
197
214
204
185
177
202
223
218
195
187
209
197
209
211
204
212
200
202
208
211
197
207
218
215
200
204
202
179
187
191
206
184
199
191
208
195
216
219
188
193
204
222
217
211
214
204
195
195
206
206
201
215
205
188
181
204
225
219
201
193
210
200
210
219
206
216
201
205
211
212
198
208
222
216
203
205
204
180
189
192
208
186
203
192
209
197
218
222
189
194
206
224
219
212
216
207
196
196
211
207
203
216
206
189
183
205
226
222
202
194
211
202
211
220
208
217
206
208
217
213
201
209
223
222
206
206
205
186
190
193
210
188
204
197
211
200
222
223
190
196
207
226
222
215
217
209
205
197
212
209
204
218
207
191
184
208
231
223
203
195
213
203
214
221
209
218
207
209
222
215
205
210
224
225
208
207
210
187
192
194
211
189
206
201
212
201
225
224
192
197
211
228
223
216
218
210
207
198
213
211
208
221
209
194
188
211
232
224
205
198
215
204
215
224
210
224
208
211
225
218
206
211
225
226
210
208
211
190
197
198
217
192
207
202
213
202
226
227
194
201
219
235
224
217
220
211
208
200
214
214
209
224
211
195
195
215
234
229
208
199
217
205
216
227
211
228
211
213
226
220
207
213
228
227
211
211
217
191
200
207
220
194
208
203
214
204
228
229
196
203
220
237
227
219
222
212
209
201
218
215
210
226
212
196
196
219
235
230
209
200
219
206
221
229
213
229
212
214
228
221
209
214
229
228
213
215
218
192
203
210
221
201
209
207
216
205
230
230
197
209
221
238
229
220
223
213
210
203
220
219
212
227
213
199
198
221
236
236
211
201
220
209
222
230
214
231
215
215
229
222
211
215
230
229
216
217
225
195
205
212
222
202
214
209
217
207
232
232
200
211
224
239
230
225
224
215
212
207
224
220
215
228
218
200
202
223
238
238
212
202
222
210
223
232
215
233
216
216
231
223
214
216
234
230
217
218
227
196
207
213
224
203
217
211
221
209
233
234
204
212
226
240
231
226
225
216
216
209
227
221
220
229
219
203
205
225
242
240
213
204
227
211
228
233
216
234
219
220
233
224
215
217
235
231
223
219
236
198
208
217
225
204
218
212
222
211
235
235
205
215
227
242
232
231
227
219
218
210
228
222
225
231
221
204
208
230
243
242
217
205
228
213
229
234
218
235
220
221
234
226
217
218
237
233
224
220
237
199
209
218
227
205
219
214
223
214
236
236
208
217
228
244
233
232
228
221
219
212
230
228
226
232
222
205
209
231
245
244
218
210
229
215
232
235
219
236
221
223
235
227
219
222
238
234
225
223
240
200
213
219
228
207
220
216
225
216
237
239
209
221
230
246
234
234
229
222
221
213
232
229
227
235
223
210
210
232
246
245
219
213
231
219
235
239
220
238
222
224
238
232
220
223
240
235
228
224
244
204
215
220
229
208
221
219
226
218
238
240
212
224
231
249
241
235
230
224
223
215
233
230
230
237
226
211
216
235
247
246
220
220
232
223
237
241
221
241
226
225
241
233
223
226
241
237
230
225
247
207
221
222
232
211
223
222
229
220
240
241
214
226
234
252
242
236
232
225
224
216
235
231
233
238
227
212
217
237
248
248
225
224
233
225
241
245
222
246
228
227
242
235
224
227
242
238
231
229
251
208
225
223
235
212
225
223
231
222
241
242
217
228
235
253
244
238
235
226
225
217
236
232
235
240
228
213
223
240
249
252
226
231
234
227
242
247
223
247
231
230
244
236
226
228
247
240
232
230
253
212
226
232
236
215
226
224
232
226
242
245
218
229
237
255
245
240
236
229
226
218
238
235
237
243
231
214
225
242
255
253
227
233
236
228
248
248
225
248
233
235
246
237
229
229
252
241
235
231
254
213
230
234
237
217
227
226
233
227
244
249
219
230
238
256
246
242
237
231
227
219
239
236
238
245
232
218
227
244
257
254
228
234
239
231
251
250
234
249
234
236
247
239
231
231
253
243
239
235
255
214
231
236
238
219
228
228
234
228
245
251
220
232
239
257
250
245
238
232
229
221
243
237
240
246
234
220
229
245
258
255
229
235
241
234
252
252
235
252
235
238
248
241
235
232
254
245
241
238
256
215
232
237
239
222
232
230
235
229
246
252
223
233
242
264
252
246
239
233
231
224
246
241
243
247
236
221
231
247
262
257
230
236
243
237
254
253
236
253
237
242
250
243
238
233
257
246
244
240
258
219
239
241
240
224
233
232
236
233
247
253
224
237
245
266
257
248
240
235
233
226
247
242
245
248
242
224
232
248
264
258
231
238
248
238
255
254
238
256
241
244
252
245
243
234
259
247
249
243
261
220
240
245
243
226
235
234
237
234
248
254
227
238
246
274
258
249
241
238
235
227
249
243
246
251
243
227
235
250
265
262
234
240
253
241
256
255
239
257
243
246
253
246
248
236
260
248
251
246
264
221
241
247
247
228
236
237
241
235
250
257
232
240
248
278
259
251
246
240
237
228
250
244
247
252
246
228
238
252
268
263
236
241
254
242
258
256
240
258
244
247
255
247
250
247
261
252
253
248
266
223
242
250
249
230
239
238
242
236
253
260
237
244
249
279
260
253
248
242
239
232
255
245
248
253
247
229
240
253
270
264
237
244
255
243
259
257
241
260
246
249
257
250
251
248
265
254
255
250
270
224
243
252
251
231
240
240
247
237
254
262
238
246
250
280
264
256
249
243
241
233
257
247
252
255
252
231
241
254
271
265
239
247
256
244
262
258
242
264
247
250
260
253
252
249
267
259
257
253
273
225
246
253
252
235
241
241
249
239
256
264
240
248
254
281
265
257
250
244
243
235
258
251
253
257
253
233
245
255
273
268
241
250
261
248
264
260
244
265
248
251
262
254
254
250
268
260
258
259
277
228
247
254
254
238
247
243
251
242
258
265
241
249
257
282
267
258
255
247
244
236
259
252
254
259
255
236
246
256
277
271
243
255
264
249
269
265
247
266
249
256
263
261
258
251
269
262
261
260
281
231
249
255
256
243
250
247
255
244
259
267
242
250
258
287
268
259
257
248
246
238
262
253
256
260
257
237
250
257
279
272
245
256
265
250
272
267
249
267
251
257
264
262
259
253
270
264
262
261
282
233
250
256
260
244
251
250
256
248
260
268
244
251
259
288
269
261
258
252
247
240
263
254
258
266
259
238
252
258
280
273
246
257
268
253
275
268
250
268
252
258
266
263
260
254
274
265
263
262
283
234
252
257
261
248
252
255
257
249
261
273
245
252
260
289
272
265
259
253
248
241
266
255
259
268
261
240
254
259
281
274
247
259
273
254
279
269
252
269
254
259
267
264
261
256
276
266
264
264
284
235
253
258
264
249
254
257
260
250
266
274
246
254
261
293
275
267
262
254
249
242
270
257
260
270
262
241
256
260
284
278
252
260
274
255
280
270
254
273
255
260
273
267
262
258
280
267
267
265
286
236
254
261
267
252
255
261
262
252
269
278
247
257
264
294
277
272
266
262
253
243
274
259
270
273
263
242
257
261
286
279
254
261
275
256
281
274
255
275
258
261
274
272
263
259
281
268
268
266
287
237
257
264
269
255
260
262
267
254
270
279
254
258
266
295
280
273
267
267
257
245
278
261
271
275
264
243
259
265
287
280
256
262
276
258
282
276
257
276
259
262
275
274
264
261
282
271
279
268
289
239
261
266
270
256
263
264
270
255
274
280
257
259
267
296
282
277
268
268
265
246
280
262
274
277
265
244
261
270
289
281
258
264
278
261
283
278
260
280
260
263
276
275
265
262
287
273
280
269
290
240
262
267
272
257
265
265
271
257
277
283
258
260
268
297
284
278
273
273
266
247
282
263
275
281
266
251
263
276
290
285
260
266
279
264
284
279
262
282
262
265
278
276
270
265
288
277
281
271
291
244
263
269
273
258
266
268
273
258
279
286
260
262
269
298
287
282
275
274
269
248
283
268
277
282
267
253
265
277
293
287
261
268
280
270
285
282
264
284
264
268
280
277
271
266
289
282
282
273
293
245
264
271
280
259
267
270
274
261
283
288
262
268
272
300
289
283
276
275
271
249
285
269
279
285
270
256
267
278
294
290
262
270
283
272
286
283
266
287
265
269
282
279
272
267
290
284
285
276
295
247
265
272
281
261
269
273
275
262
286
289
264
271
278
303
290
286
279
278
276
250
288
271
280
286
275
259
270
279
295
293
263
274
288
274
288
286
273
289
266
271
283
280
273
268
291
285
288
279
296
250
269
273
282
262
272
274
277
264
287
290
265
272
279
306
292
289
280
279
277
258
289
272
281
287
278
262
274
280
297
294
264
275
290
276
290
287
275
291
267
272
288
281
275
269
292
287
290
280
297
252
270
276
283
264
273
275
278
265
288
291
266
275
280
308
294
290
281
282
281
259
290
273
282
294
279
264
279
282
298
297
266
283
294
277
291
288
277
292
268
274
289
283
282
277
294
288
291
281
299
253
271
277
284
266
274
277
279
266
289
292
268
276
281
310
296
291
283
286
282
266
291
276
284
295
281
265
281
283
300
300
267
286
295
278
292
289
278
294
270
275
290
284
283
279
296
290
293
282
303
254
272
278
287
267
275
280
280
269
294
293
269
277
282
311
297
292
285
287
283
267
292
280
285
300
283
267
282
284
301
301
269
287
296
282
293
290
280
295
271
276
292
285
286
281
297
291
294
283
309
256
274
279
289
268
276
282
286
270
296
294
273
278
283
312
299
294
286
289
284
268
294
281
286
301
284
268
284
287
303
303
272
288
299
286
295
291
281
296
275
277
294
287
287
283
299
292
295
286
310
259
275
280
290
272
278
288
288
271
297
299
274
279
285
313
301
296
289
290
285
271
295
283
288
302
286
269
285
288
305
304
273
294
301
289
296
293
286
301
276
279
295
288
290
285
301
293
296
287
311
261
277
282
291
273
281
289
293
272
298
300
276
280
287
316
304
297
295
292
286
274
296
286
289
303
287
272
286
289
306
305
274
295
302
291
297
295
287
304
277
280
296
293
291
287
304
295
297
288
312
265
279
285
292
277
288
290
296
273
300
302
278
282
289
318
306
299
297
294
287
275
298
290
290
304
290
275
287
290
308
307
275
296
303
294
298
297
289
305
278
281
301
294
293
289
305
296
299
290
313
266
284
288
294
280
290
292
302
276
301
305
282
283
291
319
309
305
300
295
288
276
299
292
292
306
294
278
289
291
311
308
277
298
304
295
301
299
290
306
279
282
303
295
294
290
309
297
300
291
316
267
285
289
297
281
293
299
304
277
303
307
284
284
294
321
310
311
302
296
289
277
300
293
295
307
295
280
290
292
312
309
278
299
305
297
304
302
293
307
282
283
304
296
295
291
310
298
304
293
319
276
286
292
298
282
294
302
308
279
304
310
285
285
295
322
311
314
304
297
291
279
301
295
302
308
297
281
291
293
313
310
281
301
306
299
306
305
296
308
283
286
305
297
296
293
311
300
305
294
320
278
287
294
300
283
296
303
311
280
305
313
287
286
296
323
314
315
306
298
293
282
302
296
303
309
298
283
295
297
314
313
284
302
307
301
307
306
297
309
285
287
306
299
297
297
312
304
310
296
325
280
289
295
304
288
297
304
312
281
306
318
289
288
298
324
315
317
313
299
294
284
304
302
304
310
302
284
296
298
315
314
285
303
308
302
310
307
300
312
287
288
307
300
300
298
316
306
311
297
327
282
290
297
305
289
299
305
313
285
307
319
291
290
301
325
316
320
314
300
297
286
307
303
306
311
303
285
297
300
316
315
287
304
309
303
313
311
301
315
292
293
309
302
301
300
317
307
312
298
328
283
295
300
307
290
300
306
314
286
309
320
292
291
302
326
317
321
315
301
298
290
310
305
311
314
305
292
300
303
318
316
288
305
310
305
317
312
304
316
293
297
310
304
304
303
318
309
315
300
330
284
297
301
310
293
301
307
315
289
312
323
293
292
303
328
318
322
320
303
304
294
311
306
312
315
307
295
301
304
320
317
289
306
311
306
318
316
305
319
296
299
311
311
305
304
320
310
318
304
331
285
302
309
311
294
302
308
316
292
313
324
294
293
304
329
319
324
322
304
305
295
313
309
315
316
308
296
302
306
323
318
290
307
312
307
320
318
307
321
298
301
312
312
306
305
322
311
321
305
332
289
303
310
312
295
303
309
317
294
314
325
297
295
307
330
320
325
323
305
306
297
316
311
316
318
309
297
305
307
327
320
292
311
314
310
321
320
308
324
300
305
314
314
308
306
323
313
324
306
333
291
304
313
315
296
304
313
320
297
315
328
299
296
309
332
322
327
324
306
307
299
325
313
319
320
310
298
306
309
328
321
295
312
317
312
323
322
310
325
306
306
316
315
311
308
324
314
325
307
334
293
306
314
319
298
305
315
323
298
316
329
300
300
317
333
325
328
325
308
308
300
326
315
320
321
313
302
313
311
330
322
296
313
318
316
324
326
312
329
308
308
318
317
312
310
326
318
326
308
338
298
308
316
323
300
310
316
324
299
317
330
301
301
320
334
327
329
327
312
313
303
330
320
321
322
316
303
314
312
331
323
297
314
322
319
326
327
313
330
312
309
319
319
313
312
327
320
327
313
340
300
311
317
324
301
313
318
326
302
319
331
304
303
323
335
328
331
329
314
315
305
331
321
324
323
317
311
316
314
333
325
305
317
323
320
327
328
316
333
313
310
322
321
314
318
328
322
328
315
341
302
313
319
325
302
316
320
328
304
323
333
306
307
324
336
331
333
330
316
316
306
332
324
325
324
320
313
320
315
334
326
306
320
324
322
328
331
321
334
316
311
324
327
315
319
329
325
330
317
342
304
314
323
326
304
320
321
329
306
325
334
313
309
325
338
332
334
332
319
320
308
333
326
328
325
321
315
322
319
337
327
308
321
326
323
329
333
327
335
318
312
325
329
316
321
332
327
332
319
345
305
315
327
327
305
321
322
330
310
326
335
314
311
329
341
333
336
333
325
322
309
334
327
329
329
322
321
323
320
338
328
309
322
327
326
331
336
328
336
319
313
327
330
319
322
333
336
336
320
346
307
317
333
328
306
326
324
333
315
327
336
317
312
331
343
337
337
335
326
325
310
336
331
330
331
324
324
324
322
339
329
310
329
328
327
333
337
332
337
321
314
329
331
323
323
334
337
340
323
349
309
319
334
329
307
328
327
334
316
329
337
318
313
332
344
338
338
336
328
327
312
339
333
335
332
325
327
327
324
342
331
311
330
331
329
336
338
334
340
322
317
330
333
324
325
335
340
341
324
350
310
321
335
330
315
330
331
337
318
330
338
319
314
333
345
341
342
339
331
328
313
342
336
336
333
328
329
328
325
343
334
314
332
333
330
337
340
336
343
323
319
332
335
331
326
338
341
342
326
351
314
322
336
334
316
332
333
340
320
332
339
321
315
336
346
344
344
340
332
329
314
343
337
338
334
329
330
331
327
345
337
316
334
334
331
342
341
337
345
324
324
333
336
332
329
339
342
343
327
353
315
323
337
335
319
333
336
341
325
333
340
323
317
340
347
346
346
341
333
332
315
344
338
343
337
330
331
333
331
349
340
317
335
336
332
346
343
339
346
325
329
338
337
333
330
340
343
344
328
355
320
327
338
336
320
336
338
342
331
334
343
329
321
343
350
348
347
342
334
333
317
345
339
344
338
331
332
336
332
351
341
318
337
337
333
347
350
341
348
326
332
339
339
334
331
342
345
347
331
357
321
330
339
337
322
338
339
343
332
336
344
332
325
345
351
349
348
344
335
339
321
347
340
346
343
332
333
337
334
352
343
319
338
338
335
348
351
343
349
328
333
344
341
335
332
343
346
349
332
358
323
331
341
338
324
339
345
344
335
338
345
333
327
346
352
351
353
346
337
342
323
349
342
347
346
334
334
340
335
353
346
321
339
339
336
351
354
344
352
330
340
345
343
337
334
344
348
350
333
359
324
332
342
339
327
343
346
345
336
339
347
336
328
348
353
352
354
347
339
344
324
350
347
348
348
335
336
341
337
354
348
326
340
340
338
352
356
346
353
331
341
349
344
338
336
347
349
352
335
361
330
334
348
341
331
346
347
346
339
343
349
340
329
349
355
356
355
350
341
345
325
351
348
350
349
337
337
342
339
355
349
331
342
341
341
356
357
352
354
337
342
351
347
340
339
348
353
354
336
362
332
336
349
342
332
347
351
347
340
344
351
341
330
352
358
357
356
351
342
346
327
353
349
351
350
338
340
343
341
356
350
333
343
346
345
357
358
354
355
340
344
352
349
343
341
349
356
357
338
364
333
337
352
348
333
348
352
348
341
345
353
342
332
353
361
358
358
353
343
348
328
355
350
358
361
344
341
344
349
358
351
334
344
347
346
360
359
357
356
341
346
354
350
344
342
350
358
362
343
366
335
339
353
349
337
350
354
349
344
346
354
343
333
354
362
360
359
354
345
350
330
356
352
359
362
345
343
345
350
359
352
343
347
349
347
362
361
359
357
342
350
355
351
345
347
356
360
366
344
370
337
346
354
350
339
351
357
350
347
350
355
345
338
355
364
361
360
355
350
351
334
357
356
361
363
349
346
346
351
360
354
344
350
350
348
364
362
363
362
350
351
357
352
346
350
359
362
369
345
373
339
347
355
353
341
353
358
353
348
352
356
348
339
356
367
362
365
356
354
354
335
358
357
367
367
350
352
349
353
362
355
346
351
352
349
365
363
366
363
351
352
358
354
350
353
360
367
370
346
374
341
350
356
354
343
357
362
354
356
355
357
351
341
357
369
363
366
360
357
355
336
359
361
369
368
354
353
350
354
365
356
347
353
355
352
366
364
367
365
353
353
359
356
351
355
361
370
371
347
375
345
352
357
356
344
358
363
358
357
358
358
353
344
366
371
365
367
362
360
356
343
363
362
372
369
355
354
351
357
366
358
350
354
357
360
367
365
368
366
354
354
361
357
354
357
362
371
372
348
376
351
360
359
358
346
359
364
359
360
359
359
354
349
367
373
366
368
364
362
366
344
364
363
373
375
357
358
354
361
368
360
352
355
361
361
369
366
369
370
355
356
366
358
359
360
366
372
377
350
377
357
363
365
359
348
364
365
362
363
360
361
355
350
369
375
367
369
365
363
367
345
366
364
374
379
358
359
356
362
371
365
354
359
362
362
370
367
372
373
357
365
367
359
360
361
367
375
380
352
378
359
364
366
360
349
365
366
365
364
361
363
357
352
370
377
369
370
367
365
368
347
368
365
376
380
360
362
357
365
374
367
355
362
363
363
374
368
373
375
359
367
368
361
361
362
368
377
381
355
379
360
367
368
363
351
367
367
366
365
362
364
359
355
372
378
370
372
368
368
370
350
372
366
379
381
361
363
358
368
377
368
359
363
366
367
376
369
374
376
362
369
370
363
368
364
370
379
382
356
381
361
368
370
364
352
370
374
367
368
363
369
360
358
374
380
371
375
369
369
372
353
377
373
380
382
363
369
360
370
378
369
362
368
370
368
378
370
375
377
365
370
373
369
370
365
371
381
383
357
383
362
370
371
365
353
371
375
372
369
364
370
361
359
376
381
373
376
373
370
373
357
378
374
381
383
372
371
364
373
380
370
364
369
372
369
379
371
376
378
367
371
375
372
371
369
373
383
384
363
385
366
372
372
366
356
372
376
373
370
365
373
362
362
377
382
375
379
375
372
374
361
379
376
383
384
374
377
368
375
381
371
371
370
373
371
380
372
380
380
368
372
378
374
372
370
376
384
385
364
386
373
373
374
367
359
375
380
374
372
366
375
363
363
379
383
376
380
377
373
375
362
384
381
384
385
376
382
370
376
384
372
372
373
376
373
382
376
382
385
369
373
379
375
373
373
378
386
386
366
388
374
376
375
368
360
376
381
375
374
367
376
365
365
380
384
380
381
379
376
377
364
386
383
385
386
377
383
371
377
386
373
376
376
377
376
384
377
386
386
372
374
380
376
374
381
379
387
387
371
389
375
377
377
370
362
377
383
377
375
373
378
367
366
381
385
381
382
380
377
380
369
387
385
386
388
378
385
372
378
387
374
377
379
380
379
385
378
387
388
373
375
384
377
375
382
382
389
388
375
391
379
379
378
371
363
378
385
381
376
375
381
368
369
382
386
383
383
383
380
381
371
389
386
388
390
379
388
374
380
388
376
378
381
383
381
388
382
388
389
374
379
386
379
376
387
383
390
389
377
394
381
384
381
373
365
379
386
382
377
377
383
369
374
385
388
384
384
385
382
385
372
390
388
389
392
380
389
375
381
392
377
381
382
384
382
389
383
389
390
375
381
388
380
377
392
384
391
390
382
395
382
385
382
374
367
382
391
383
379
378
384
375
377
391
390
385
386
386
387
387
373
391
391
390
393
384
390
377
384
395
380
384
384
387
383
390
386
390
391
379
384
390
381
381
394
385
392
392
383
396
383
386
383
376
370
387
393
385
380
380
385
376
378
393
392
386
387
387
388
389
377
392
392
391
394
385
391
380
385
397
381
386
385
388
385
391
387
391
393
384
385
391
382
384
395
386
394
393
385
397
387
387
384
377
371
391
395
386
381
381
388
377
380
394
393
387
388
389
391
392
380
393
394
393
395
386
392
381
390
398
382
389
387
389
387
393
388
393
395
385
390
393
383
385
398
387
395
394
387
398
388
391
385
378
373
392
397
387
383
383
392
380
382
396
395
388
389
390
392
395
384
395
395
396
396
388
394
383
391
402
385
398
391
391
388
394
389
394
397
386
391
395
384
386
399
389
397
395
388
399
389
394
391
379
374
393
398
388
390
385
393
382
391
397
397
389
390
391
395
397
386
396
396
397
397
389
395
385
393
403
389
400
394
392
392
397
390
396
399
387
395
396
385
387
401
390
399
397
390
400
390
397
392
381
379
395
403
390
392
391
394
387
397
398
398
390
393
392
396
398
387
399
399
399
399
391
397
389
394
404
395
401
396
394
393
398
391
400
400
391
397
400
386
389
402
392
401
398
391
401
391
398
393
382
380
397
404
391
393
395
395
389
401
401
399
392
395
393
398
399
389
403
400
400
401
392
399
391
397
405
398
402
397
396
395
402
394
403
401
392
401
401
388
390
403
393
403
401
394
403
393
399
394
383
381
398
407
393
394
399
396
391
402
403
400
394
396
398
401
401
392
404
401
402
402
395
400
392
400
406
403
403
399
397
397
403
395
405
404
395
403
404
390
395
405
395
405
402
396
404
394
404
396
386
384
403
408
395
397
400
398
392
405
406
401
395
397
399
402
402
394
408
402
403
405
397
401
393
403
410
407
404
400
398
398
405
400
410
405
396
405
405
391
397
407
396
408
406
400
405
396
405
398
387
387
404
409
396
399
401
399
399
406
407
402
398
398
400
404
403
396
413
404
406
406
401
402
394
406
411
408
406
401
400
399
406
401
411
406
398
406
406
392
398
409
397
409
407
403
408
398
406
399
388
393
405
411
400
400
403
401
400
407
408
404
399
402
402
406
404
398
414
405
410
408
404
404
395
407
412
410
407
402
403
402
407
403
412
407
400
408
407
394
399
410
398
410
408
404
410
400
409
401
389
396
409
412
402
401
404
406
403
408
410
407
401
403
406
410
405
399
415
406
411
409
406
409
397
408
413
411
408
404
405
404
408
404
413
410
401
410
409
404
405
411
403
412
409
409
411
401
411
403
390
397
412
414
406
404
406
407
405
409
411
410
402
406
411
411
406
400
416
407
412
411
407
411
403
409
416
412
409
405
406
408
409
405
414
411
406
411
413
405
407
412
404
414
411
411
412
403
413
404
393
399
416
415
407
411
410
408
406
410
412
411
407
407
413
412
409
403
417
408
413
413
409
412
404
411
417
413
411
408
408
410
412
409
416
414
409
413
417
411
408
413
407
415
414
414
414
404
415
406
401
401
417
417
410
413
411
410
408
415
413
413
410
408
416
415
411
406
418
409
414
414
410
414
407
414
418
414
414
409
411
412
413
414
419
415
411
416
418
412
412
415
409
418
416
417
417
405
416
407
405
406
419
418
411
414
412
412
411
416
414
415
411
410
417
417
415
408
419
411
415
415
413
416
408
415
419
415
416
410
412
416
417
416
420
416
412
417
419
413
413
416
413
419
417
420
418
406
417
411
407
408
420
420
412
415
417
413
413
417
416
416
414
413
418
418
416
409
420
414
418
416
418
417
410
416
420
417
417
411
416
417
418
421
421
418
415
418
420
416
414
419
414
420
418
421
421
407
418
413
416
409
421
421
414
417
418
414
415
419
418
417
415
417
419
419
418
414
421
415
422
417
419
418
415
418
421
418
418
413
417
419
419
423
422
419
417
419
422
421
415
420
415
422
419
422
423
408
419
414
420
418
422
422
421
419
419
418
416
420
419
419
419
418
420
420
419
415
422
417
423
418
420
419
417
421
423
420
419
422
422
423
420
424
423
422
418
420
423
423
419
423
416
424
421
423
424
419
422
416
421
423
423
423
423
420
421
421
419
422
421
422
422
420
423
421
421
417
423
418
424
423
421
420
420
422
424
424
422
423
424
424
421
425
424
423
421
424
425
424
424
424
419
425
422
424
425
420
423
424
422
424
425
424
424
422
422
423
423
424
424
423
425
422
424
425
424
420
424
421
425
425
423
421
421
423
425
425
424
425
425
425
422
426
425
424
422
425
426
426
426
425
424
426
423
426
426
423
424
426
425
426
426
425
426
423
425
425
426
425
425
425
426
423
425
426
426
421
426
423
426
426
425
424
422
424
426
426
425
426
426
426
426
