%%MatrixMarKet matrix arrary real general
50 145
0
0
0
0
1
0
0
1
0
0
1
0
1
0
0
0
2
1
0
2
0
0
0
1
0
1
1
0
2
1
0
2
0
0
0
2
3
0
0
0
0
2
0
3
4
0
0
2
2
2
1
7
3
3
5
1
3
2
6
1
5
1
4
4
1
1
3
3
2
4
4
1
1
2
2
6
3
2
3
3
2
7
1
2
1
3
6
1
1
1
2
3
1
4
5
2
1
3
6
5
4
8
5
4
7
2
4
3
9
2
6
3
6
6
3
2
6
4
3
11
6
3
2
3
3
7
5
4
6
4
5
9
3
3
4
4
9
2
2
2
3
4
4
7
6
4
3
4
7
10
6
10
6
5
9
3
5
4
10
6
7
4
7
7
5
3
7
5
4
13
9
4
3
4
6
8
6
6
7
5
8
12
6
5
5
7
11
3
3
3
4
5
6
8
7
5
7
8
9
17
7
11
8
7
11
4
6
7
12
9
8
5
9
8
6
8
9
7
5
19
11
5
5
5
7
9
8
7
9
6
9
13
13
9
6
8
13
6
4
5
5
6
11
10
9
6
11
12
11
18
8
12
9
8
12
5
8
9
14
10
9
7
12
9
7
9
10
13
6
21
12
6
6
6
8
11
9
10
10
10
10
16
15
10
8
9
14
9
5
6
7
7
13
11
10
8
13
14
12
19
9
13
10
10
13
6
9
12
16
12
13
8
14
10
10
10
12
14
8
26
14
8
7
11
9
12
11
12
13
11
16
18
16
14
10
10
19
10
8
8
11
8
14
12
13
11
16
15
14
22
10
15
12
11
14
7
11
14
17
13
15
10
15
11
12
15
13
16
9
27
17
15
8
13
11
13
14
13
14
12
20
21
17
17
12
11
21
11
10
10
12
10
20
15
15
12
17
16
15
24
13
16
17
13
19
9
12
15
20
15
17
12
18
12
14
17
14
19
12
28
20
16
9
14
15
17
15
15
21
13
21
22
18
19
13
12
24
12
12
11
13
12
23
18
16
13
18
17
19
27
14
18
18
14
20
12
13
17
22
17
19
13
24
14
16
18
18
20
13
32
21
17
11
15
17
19
16
17
22
15
23
25
21
20
15
13
25
14
14
14
16
13
24
21
20
15
20
18
21
28
15
21
19
17
22
13
14
18
23
19
20
15
25
15
17
23
19
23
16
33
22
19
12
22
20
21
17
19
23
16
24
27
22
21
17
17
26
15
15
16
17
14
28
22
21
17
21
19
23
32
19
24
21
18
23
15
15
20
25
20
21
17
29
16
21
24
20
26
17
34
23
20
15
23
22
22
18
20
24
17
25
29
23
22
18
21
29
17
16
19
19
15
32
24
22
21
22
20
26
33
20
25
22
19
24
17
18
23
27
22
23
18
31
18
22
25
21
27
24
36
24
21
16
24
23
24
21
21
27
19
26
31
24
23
20
22
30
22
19
20
20
16
33
26
23
22
23
24
30
35
21
27
27
21
25
21
21
27
28
23
27
19
38
21
23
27
22
29
25
38
27
26
18
28
25
26
23
22
30
22
28
32
25
24
22
23
32
23
20
23
21
19
35
27
24
25
27
25
31
36
22
29
28
22
26
25
22
28
29
25
29
21
39
22
27
28
23
30
27
40
31
28
24
30
33
28
27
23
32
23
32
35
26
26
23
24
36
26
21
24
27
20
36
29
27
27
28
27
32
37
25
30
31
23
27
27
24
30
35
27
31
22
40
23
31
29
25
38
28
41
33
29
27
33
34
29
31
24
38
27
33
39
27
28
25
26
40
30
23
27
32
23
38
30
28
33
33
29
33
39
29
31
32
26
30
30
25
31
37
28
35
24
43
30
32
30
29
39
31
42
34
31
30
35
36
30
33
27
39
29
35
40
28
29
27
28
42
31
27
28
33
24
39
34
30
34
36
30
36
40
30
33
36
30
32
33
27
33
40
29
36
28
45
32
34
31
34
42
32
44
35
37
31
39
46
32
34
28
40
30
37
42
31
30
28
31
45
33
28
30
35
25
43
35
36
38
39
31
37
46
31
35
38
31
33
34
28
35
42
30
40
29
47
33
36
32
37
44
34
45
38
39
32
41
47
35
35
29
42
31
39
44
32
32
31
33
47
34
32
31
36
26
46
36
37
39
41
34
41
47
32
43
40
33
38
37
30
36
45
35
43
37
48
38
37
33
39
47
39
46
39
40
34
42
48
37
39
30
43
34
47
45
37
33
32
34
48
36
36
34
37
27
47
37
41
40
42
36
43
48
34
45
41
34
40
38
32
37
46
37
47
38
49
39
40
36
40
48
40
49
40
41
36
45
50
38
40
31
49
35
49
46
40
36
34
35
50
38
37
38
42
28
49
39
42
41
43
38
45
50
36
46
44
35
41
41
34
39
51
38
50
39
50
40
41
40
41
50
41
50
41
44
41
46
51
41
41
35
50
36
51
49
41
38
35
37
51
39
38
40
43
29
56
42
43
42
46
41
50
51
38
47
45
36
42
42
37
40
53
40
51
40
51
42
44
41
45
52
42
51
42
45
42
47
52
42
42
37
52
38
52
51
43
40
36
41
52
40
39
41
44
31
58
46
44
45
47
42
54
53
40
51
46
37
44
43
40
41
55
42
54
41
52
43
45
44
46
59
45
52
43
49
43
48
55
46
43
40
54
40
53
53
44
42
37
42
53
43
43
45
45
34
60
48
49
50
50
43
55
54
42
52
49
39
47
44
41
43
58
44
56
42
55
44
47
45
49
65
46
54
44
50
45
50
56
47
44
41
55
43
56
56
47
44
38
43
54
44
44
50
48
35
61
52
54
52
51
46
58
55
43
55
54
43
48
46
42
44
62
47
58
43
56
46
48
48
50
66
50
56
45
51
46
52
57
48
45
46
56
45
57
57
48
45
41
44
56
45
47
51
49
36
62
53
55
55
52
47
59
58
44
56
57
45
49
47
45
45
65
50
59
45
58
47
51
50
51
68
51
59
47
52
53
53
58
49
46
48
57
46
58
58
51
46
43
46
59
46
48
52
53
43
63
56
57
57
54
50
60
60
45
57
60
47
51
50
49
46
66
51
60
46
60
48
54
51
53
69
52
61
50
53
54
55
59
50
47
53
58
47
59
61
53
53
44
47
61
47
50
53
54
44
64
57
58
58
55
51
61
62
46
58
67
52
54
53
51
55
67
52
62
47
63
49
59
52
59
71
55
63
51
55
56
58
60
51
48
55
59
51
60
62
55
55
46
48
62
48
53
54
55
45
66
60
59
60
57
53
62
64
48
62
69
56
61
55
53
58
68
53
63
52
65
50
60
54
60
73
56
66
55
57
57
60
64
52
49
58
61
54
64
66
58
56
47
49
63
50
54
56
58
46
68
64
60
61
59
58
63
65
51
63
71
57
64
56
54
59
69
59
65
54
66
51
61
58
64
74
57
68
57
58
60
66
67
56
50
62
63
55
65
67
59
58
49
52
64
51
57
59
63
48
71
66
65
62
60
59
66
66
52
69
72
58
67
58
55
61
70
60
67
55
69
55
62
61
68
76
58
69
58
64
61
69
73
57
51
64
66
57
66
68
60
60
50
55
66
52
58
60
64
49
73
67
66
63
62
61
67
68
53
70
74
59
69
60
56
66
71
62
68
56
72
56
65
62
69
77
64
71
59
67
63
72
74
61
52
70
68
59
67
69
61
61
54
58
67
53
60
66
66
50
75
70
67
64
64
62
70
73
54
71
76
62
71
61
57
68
72
66
69
60
74
57
67
63
70
80
65
73
60
68
67
73
75
62
54
72
71
62
71
70
64
62
57
62
69
54
61
67
68
51
77
73
68
65
66
63
72
74
55
74
77
63
74
62
58
70
74
67
71
61
75
59
68
64
72
81
66
75
61
69
74
74
81
66
55
74
75
64
72
72
66
64
61
64
71
55
62
69
69
54
78
74
70
68
68
64
73
77
56
76
82
64
75
65
59
73
75
70
72
63
76
60
69
68
74
82
68
77
62
74
75
77
82
67
56
76
77
69
73
75
71
66
62
65
74
58
63
71
70
55
81
75
72
72
69
66
74
78
59
77
84
67
77
67
60
74
77
71
75
64
77
61
70
69
75
86
70
81
63
75
79
82
84
68
58
77
78
72
74
77
73
71
63
67
76
60
64
72
71
56
82
77
74
73
72
68
75
79
60
78
88
70
79
68
61
76
80
73
78
67
81
62
72
72
77
88
71
82
64
76
81
85
85
70
61
78
80
73
77
81
74
73
65
68
80
62
70
73
72
57
83
83
75
77
73
70
79
80
61
81
89
72
83
73
62
77
81
75
79
70
82
65
77
73
79
89
72
84
65
78
85
87
86
71
62
80
85
74
84
83
75
74
66
69
81
65
72
75
73
58
84
86
77
78
74
74
80
86
62
87
90
73
84
74
65
78
82
78
81
74
84
67
81
75
81
91
75
85
67
79
86
89
88
72
64
82
86
77
85
84
76
76
67
70
85
68
74
78
77
59
90
87
87
83
75
75
82
87
64
88
91
77
85
75
66
85
84
80
86
75
85
68
82
77
82
94
76
87
68
80
94
91
89
73
66
85
87
79
87
85
78
77
68
72
86
71
77
79
78
62
91
88
88
84
76
77
83
88
65
89
92
78
86
78
67
86
86
81
87
79
88
70
83
79
83
95
77
89
69
81
97
94
92
76
67
86
88
80
90
86
81
78
70
81
87
72
79
83
79
63
93
91
89
86
77
78
90
89
68
91
93
80
91
85
71
88
88
82
88
80
89
74
86
80
84
96
78
90
70
82
98
97
93
78
71
87
90
81
92
88
86
79
74
84
89
73
81
84
81
66
94
94
90
90
78
80
91
91
69
94
95
81
94
86
73
89
90
84
89
81
90
75
87
82
85
97
81
93
71
83
101
98
103
80
72
89
92
82
93
91
87
82
76
85
90
76
83
86
83
67
95
95
92
91
80
82
92
95
70
95
97
82
97
89
77
92
92
86
91
82
91
77
89
83
88
98
83
96
73
84
103
99
104
82
73
92
97
83
96
94
89
83
82
87
93
77
85
88
84
71
97
97
93
94
81
83
94
98
73
96
101
83
98
96
80
93
93
89
94
84
92
78
90
85
90
101
85
98
75
87
104
100
107
84
74
93
101
84
100
95
90
87
83
89
94
81
87
89
85
73
99
98
94
95
82
85
98
101
77
99
102
86
102
97
81
94
96
91
95
87
93
81
91
90
91
102
86
99
76
90
105
101
109
87
75
94
102
87
101
97
92
88
85
91
98
86
90
91
86
75
103
100
97
96
83
87
100
102
78
100
105
88
103
105
84
95
98
95
98
92
99
82
92
91
92
107
87
100
78
91
109
102
110
88
77
95
103
90
102
99
98
93
86
92
102
87
93
92
88
76
105
103
104
97
84
89
101
103
82
105
106
90
104
108
86
96
99
96
99
95
101
83
93
92
93
108
88
104
79
92
112
108
111
90
78
99
105
91
103
101
99
95
87
93
104
88
94
95
91
77
108
104
106
100
85
93
103
104
84
106
107
91
105
111
87
98
101
100
100
97
105
87
94
94
96
111
89
108
80
93
113
109
113
91
79
100
106
92
105
103
100
97
88
95
105
90
96
96
92
78
111
105
110
102
86
95
105
107
85
107
108
92
108
112
88
99
102
102
107
101
108
88
98
95
97
117
90
112
81
94
116
112
114
92
80
102
108
94
107
104
101
100
89
98
106
91
98
97
94
81
112
110
114
103
89
96
107
110
90
108
109
95
109
114
89
104
107
110
109
103
109
90
99
96
98
118
92
113
83
95
117
114
115
93
82
106
110
95
110
105
104
101
91
99
107
94
99
98
98
83
113
111
115
104
91
98
109
113
94
109
113
96
110
116
92
105
109
111
110
110
111
93
100
97
99
125
94
116
86
97
121
115
117
94
83
108
112
96
111
106
106
102
92
100
110
95
101
99
101
84
114
112
116
105
93
100
110
116
96
113
114
100
111
117
99
106
111
113
113
114
117
98
101
99
100
129
95
120
88
98
123
118
118
95
84
109
113
99
114
107
108
104
94
104
113
96
103
101
103
85
117
113
119
108
97
101
111
117
97
114
117
101
112
118
102
107
115
115
116
116
119
99
102
100
101
130
97
123
89
101
124
120
125
98
86
110
117
100
115
115
109
105
98
108
114
98
106
103
104
86
118
114
120
111
99
102
112
119
98
115
119
102
114
121
103
110
116
124
118
117
120
103
103
102
102
131
98
125
90
102
126
123
128
99
87
111
119
106
117
116
110
106
100
111
116
99
107
106
106
87
119
119
122
112
101
106
113
120
99
116
124
103
116
122
105
111
117
127
119
118
122
105
106
107
110
133
99
127
91
103
127
124
130
100
88
113
122
107
120
117
111
108
101
112
118
101
109
108
108
88
120
121
123
113
102
110
114
121
101
117
125
104
117
123
106
112
123
130
121
119
123
108
107
111
112
134
100
129
92
105
128
125
131
101
89
114
123
113
125
118
113
109
102
115
119
103
110
110
111
90
125
123
124
115
103
113
115
123
105
118
127
105
118
124
108
113
124
132
123
121
124
110
108
113
113
135
105
133
93
106
129
126
133
102
90
116
124
115
132
119
115
110
104
117
122
104
111
111
112
91
129
124
128
118
104
115
117
124
110
119
130
108
119
126
112
116
125
133
124
122
125
114
109
115
114
137
106
134
94
108
130
127
134
103
91
120
125
117
133
120
116
112
106
118
123
105
112
113
116
92
134
125
131
119
105
116
118
125
111
122
131
109
121
129
113
118
127
134
125
123
127
115
111
117
115
141
110
135
95
109
133
128
135
104
104
122
131
118
136
121
117
114
109
119
124
106
113
115
118
93
135
136
132
120
106
117
119
128
112
123
132
110
123
130
116
122
129
136
126
124
128
116
112
120
120
142
112
137
96
110
134
130
136
105
105
123
132
121
138
124
118
118
111
120
128
107
114
116
119
101
136
138
134
125
107
118
120
130
113
126
134
111
125
131
118
126
130
140
129
127
129
120
115
127
122
145
115
141
97
111
136
131
137
107
106
125
133
123
139
125
120
120
112
121
130
110
115
118
120
102
137
139
135
126
111
120
125
131
116
127
135
112
126
132
120
130
131
143
133
131
132
122
116
128
123
146
117
142
98
116
137
132
145
109
109
126
134
127
141
126
121
121
113
126
131
112
116
119
121
110
138
140
136
127
114
122
126
134
118
128
139
113
128
133
127
131
134
144
134
135
133
123
117
131
125
147
118
144
101
118
138
134
146
111
111
128
135
131
142
127
123
123
116
128
134
113
119
120
124
111
139
141
138
128
115
123
129
135
119
130
141
115
129
136
133
136
136
145
138
136
135
124
118
132
135
148
119
147
102
119
140
137
149
113
116
130
137
132
143
128
126
125
119
129
135
118
121
121
126
112
141
144
142
129
116
124
132
139
121
132
144
117
130
138
135
137
142
146
140
139
139
125
120
133
138
149
121
149
103
121
143
138
150
116
117
131
138
133
144
129
127
127
120
130
136
123
126
122
127
113
142
145
143
130
117
126
133
141
122
133
147
120
133
142
140
140
144
148
141
140
141
127
123
136
139
150
122
150
104
124
144
141
151
117
118
134
140
134
146
130
131
131
121
132
140
127
130
124
128
120
151
147
144
133
122
127
134
142
123
134
149
121
138
144
143
143
145
149
143
142
143
128
125
137
140
153
126
152
105
125
146
142
152
120
119
135
144
136
148
133
132
132
123
133
141
133
131
125
131
121
152
149
145
136
123
133
136
143
126
135
150
124
139
145
144
149
147
151
144
143
144
129
127
139
143
154
129
153
106
126
147
143
154
123
120
139
148
139
149
135
133
136
124
135
143
137
133
136
133
123
153
151
149
137
131
138
142
145
128
136
151
128
140
146
145
152
150
152
146
144
148
130
128
141
146
159
134
154
107
127
148
145
159
126
122
142
149
140
150
137
134
138
126
137
144
142
138
137
135
124
155
152
152
138
134
139
143
147
129
137
152
131
141
147
146
153
151
154
151
145
151
132
132
142
152
160
136
155
108
129
149
146
160
128
125
143
150
143
153
140
135
139
127
139
146
145
139
140
136
125
156
153
153
139
135
143
146
148
131
138
153
132
144
149
147
154
153
155
153
146
152
141
133
143
154
161
138
156
110
130
150
149
161
130
126
145
151
145
154
142
136
143
129
140
148
146
140
141
139
130
157
155
154
141
137
146
148
151
132
139
155
137
146
150
149
157
155
156
154
150
153
142
136
146
156
167
140
159
112
133
151
150
164
135
127
148
157
146
156
143
137
144
133
141
149
150
142
142
140
131
158
156
160
142
142
148
150
153
133
141
156
142
147
151
150
158
156
157
156
151
155
144
137
148
159
169
143
162
118
134
152
152
165
136
129
150
158
147
157
144
140
145
134
142
151
151
143
143
141
135
159
158
161
143
145
149
151
154
134
143
157
144
148
152
151
159
157
160
159
152
159
146
138
150
161
173
144
163
119
135
153
153
167
137
130
151
160
148
158
145
141
147
135
146
152
152
147
145
142
137
161
161
165
148
146
150
153
156
135
144
159
145
153
155
152
162
158
161
168
154
160
152
139
151
162
174
145
165
121
136
154
156
169
138
132
152
161
149
160
147
145
148
137
147
153
155
150
147
144
138
162
162
166
149
147
151
154
157
137
149
161
149
160
156
155
166
159
163
171
155
166
153
142
152
165
176
146
166
122
138
155
159
170
139
133
153
162
150
161
148
146
151
138
148
154
156
151
150
148
139
164
166
167
151
152
152
155
161
138
150
165
150
161
158
156
167
160
166
173
161
167
155
144
153
166
177
147
170
124
139
157
160
171
140
138
154
163
153
162
149
149
152
140
149
155
157
152
154
149
140
165
167
172
153
154
153
158
163
139
152
168
151
162
159
160
169
161
167
174
163
168
156
145
155
168
178
149
171
128
141
159
161
175
141
140
155
169
155
163
150
150
155
142
153
156
158
154
156
150
145
166
168
179
154
155
154
160
165
140
153
169
152
163
161
163
172
162
168
176
164
170
159
148
157
172
181
150
172
129
143
160
162
176
142
142
156
173
158
164
151
151
159
143
155
158
159
157
158
152
146
167
169
180
157
156
156
162
169
141
156
174
153
164
163
164
173
163
169
178
165
171
160
151
158
176
182
151
175
130
144
164
163
179
144
143
157
176
159
167
152
153
163
146
157
160
160
159
159
156
148
168
171
182
159
160
157
164
170
142
157
175
154
166
164
166
175
165
174
179
166
172
162
153
160
177
183
152
177
132
145
165
167
181
146
147
158
177
160
168
153
155
167
148
159
163
161
160
162
157
152
171
172
184
161
162
158
165
174
143
158
176
155
167
166
167
177
166
175
180
169
173
163
154
161
179
188
153
180
134
146
166
168
182
148
150
160
183
161
170
155
159
168
149
163
165
162
163
164
158
157
172
174
185
164
163
162
168
175
146
160
178
158
168
168
169
179
167
176
181
170
174
166
155
162
180
189
157
182
137
151
168
170
184
149
153
161
184
162
171
160
162
169
150
166
173
164
167
166
161
161
176
175
186
165
168
165
169
176
150
161
179
161
169
169
171
180
169
177
182
171
175
167
161
166
182
190
158
183
139
152
169
174
186
150
154
162
186
163
174
162
163
172
151
168
175
167
168
168
164
162
177
177
187
169
170
169
170
179
151
166
180
162
170
170
173
182
170
178
185
173
178
170
162
167
184
191
159
184
140
155
174
177
187
151
156
164
187
167
176
163
167
173
152
169
176
170
170
171
167
163
178
179
188
171
172
172
171
180
154
167
184
163
171
171
177
184
172
179
186
175
179
173
163
170
189
192
160
185
141
160
176
179
189
154
158
165
189
172
178
167
168
174
156
172
179
171
172
172
168
164
179
181
189
172
173
174
173
181
156
169
186
164
173
172
178
185
173
183
191
179
180
174
165
172
191
193
163
189
144
161
177
180
193
158
160
166
192
175
182
168
169
176
157
173
182
173
176
174
171
165
181
182
190
173
176
175
177
183
157
170
188
165
174
173
181
188
176
185
192
182
183
175
166
175
192
194
164
190
145
163
179
181
196
160
164
167
194
178
185
173
170
177
158
174
183
174
177
177
173
166
182
186
191
174
177
176
181
184
158
171
189
166
175
176
182
190
177
186
193
184
187
177
168
176
193
197
165
192
148
166
183
183
201
161
165
169
197
179
190
175
171
178
160
176
189
175
179
178
175
167
185
187
193
175
178
177
186
187
159
172
191
167
177
177
185
191
178
189
194
187
188
178
169
177
194
199
167
195
149
172
185
187
202
162
168
172
198
180
191
177
173
179
165
178
191
176
182
185
176
168
186
189
194
176
185
182
188
188
160
174
193
170
180
179
187
193
183
192
196
191
189
182
171
178
195
200
170
196
153
175
187
188
203
163
169
173
199
181
192
178
174
180
166
182
192
178
184
187
177
169
193
190
195
177
187
183
189
189
162
176
194
173
183
181
189
194
184
194
197
192
192
185
176
179
199
201
173
197
154
176
189
190
204
168
175
175
201
183
194
179
176
182
168
184
194
180
186
188
179
170
194
192
197
179
188
185
190
191
163
179
200
176
184
183
190
196
185
195
199
193
194
186
177
180
202
203
178
199
156
177
191
191
205
169
177
179
202
184
196
180
177
183
170
185
196
182
188
192
180
171
197
194
198
180
191
187
191
192
165
180
203
179
186
184
192
200
187
196
200
194
195
187
178
181
204
204
179
201
157
178
192
192
207
172
179
180
203
185
197
181
178
185
175
187
197
183
190
195
184
172
198
195
199
184
192
193
195
195
167
185
204
180
187
187
193
201
190
197
203
196
198
188
181
182
205
207
180
202
160
180
194
195
208
174
180
181
204
186
198
185
179
186
177
188
198
184
192
199
185
177
199
196
204
188
193
198
196
196
173
186
205
181
188
190
194
202
194
202
204
197
199
192
185
184
207
209
182
203
161
182
198
196
209
175
184
183
205
188
201
187
181
188
178
189
199
188
193
200
186
179
204
199
205
189
196
200
197
197
178
187
206
182
189
194
195
203
195
205
205
198
203
194
187
192
211
211
185
206
162
183
200
198
210
176
186
185
208
189
202
188
183
189
182
190
201
191
194
202
188
182
205
201
206
190
198
201
198
199
179
188
210
183
190
196
202
205
196
206
207
200
204
195
191
193
212
213
190
207
165
184
201
199
212
181
187
190
209
190
203
191
184
194
185
192
203
192
196
203
189
186
206
202
208
192
199
202
199
200
180
189
211
184
191
199
203
206
198
209
209
201
208
196
192
195
213
215
191
208
166
185
202
200
215
185
188
192
210
191
204
192
185
197
186
194
204
193
197
209
191
187
208
205
210
193
200
203
202
206
186
191
214
187
194
201
204
207
199
212
212
202
209
198
194
197
216
216
196
209
167
187
204
201
216
186
192
194
213
193
206
193
186
198
189
196
207
194
200
211
193
188
209
206
212
194
201
204
206
207
188
192
215
195
195
203
206
208
203
213
213
203
211
200
197
199
217
218
198
210
168
190
209
203
218
195
193
197
214
197
207
196
189
199
190
197
208
196
203
213
195
189
210
209
214
197
203
206
207
209
192
197
216
196
196
205
207
210
204
215
214
205
212
201
198
202
218
220
199
213
169
191
211
205
219
201
195
198
215
198
208
197
190
200
191
198
209
198
208
214
202
193
211
212
215
198
204
209
209
210
195
199
219
198
201
206
208
215
207
216
215
206
213
205
199
204
220
221
206
214
172
193
214
206
220
202
196
199
216
199
209
199
191
205
192
203
211
200
211
216
205
194
214
214
216
200
205
210
210
212
197
200
220
201
202
208
209
217
208
217
216
208
214
206
202
207
223
222
207
217
173
194
215
208
223
203
197
202
218
200
210
200
192
206
193
204
212
201
213
217
206
195
215
217
219
201
207
213
211
213
198
201
221
203
207
209
216
218
210
222
217
210
217
207
205
208
224
223
208
221
175
196
216
210
224
204
198
205
220
204
212
204
196
207
194
205
213
211
214
220
208
196
216
219
220
202
209
214
213
214
199
204
222
209
211
216
218
220
211
224
220
214
219
209
206
211
225
224
209
224
176
197
218
211
225
205
200
213
221
214
213
206
199
209
195
207
214
218
215
221
211
202
218
220
221
203
210
220
215
216
203
206
223
212
212
217
221
221
213
227
222
215
220
211
215
212
226
225
212
228
179
200
223
213
226
206
203
214
222
216
215
207
204
214
199
209
215
219
216
222
212
203
219
221
222
205
212
224
217
218
204
207
226
215
213
219
224
222
216
228
223
216
222
213
218
213
228
227
213
229
181
201
224
218
227
210
205
216
223
219
217
210
206
215
205
211
216
220
217
224
213
204
222
223
223
206
214
225
218
219
206
208
227
218
215
221
227
227
218
230
228
218
224
214
220
215
230
231
215
231
184
203
225
219
229
212
206
218
225
220
218
216
208
216
209
213
217
221
225
225
216
205
225
225
224
209
215
226
220
223
208
210
229
224
217
224
229
233
219
232
229
221
226
215
224
216
231
232
216
233
190
204
226
221
231
213
207
220
226
221
220
218
210
218
210
216
218
224
228
227
217
207
226
227
226
213
216
227
221
224
213
213
230
227
221
226
233
234
220
236
230
222
228
216
225
217
233
233
218
234
191
210
228
224
234
214
212
221
228
223
228
221
213
220
211
219
219
225
229
228
220
208
227
229
227
216
218
228
223
226
214
215
231
229
225
227
235
235
222
237
232
225
231
218
227
220
234
234
222
236
193
215
229
225
235
217
213
222
229
224
229
223
218
226
212
221
224
226
234
229
221
213
229
231
228
217
221
230
224
227
216
217
232
230
226
229
237
236
225
238
233
226
233
219
230
222
235
235
225
237
194
216
230
227
236
220
219
224
230
227
230
226
219
229
214
223
229
231
235
231
223
214
230
233
230
218
222
231
225
229
217
218
236
235
229
232
239
237
226
239
234
230
234
221
232
228
238
236
226
238
199
217
231
228
237
223
221
227
231
228
232
228
220
232
215
224
233
232
236
235
224
215
231
234
231
222
224
232
226
230
218
221
237
237
237
235
240
240
227
240
238
233
240
222
234
230
239
240
232
241
202
218
235
231
240
224
223
229
233
232
234
229
222
233
216
225
236
234
237
236
226
219
233
236
232
224
225
234
228
233
220
222
240
239
241
236
242
243
230
242
239
234
241
223
238
233
242
241
233
242
206
220
236
233
244
230
224
230
237
233
237
230
226
235
217
226
240
235
241
237
228
220
236
238
234
226
228
236
229
234
221
226
241
241
243
239
243
244
232
244
240
237
243
225
244
236
246
242
234
243
212
223
239
235
245
233
226
232
239
234
239
231
227
240
222
230
241
237
242
240
235
221
238
242
238
227
232
237
230
235
222
228
242
242
244
241
244
246
233
245
241
238
244
226
245
238
248
243
236
244
214
224
240
236
248
235
228
233
240
236
240
233
232
243
224
237
242
239
243
243
236
222
241
245
240
228
233
238
233
240
223
229
243
244
245
242
245
247
234
247
242
240
248
228
246
239
250
244
238
245
217
225
243
241
250
236
232
234
242
237
241
236
234
244
225
238
243
240
246
246
237
226
242
247
243
230
240
239
235
241
224
233
245
245
246
244
247
249
235
249
243
241
249
229
248
243
251
245
241
247
218
226
245
242
251
240
233
236
243
238
246
237
235
245
227
239
244
242
247
247
239
227
243
248
244
232
244
240
236
243
225
236
246
248
247
247
248
250
237
250
245
243
250
234
250
245
252
250
242
248
219
228
246
244
252
241
235
239
246
242
247
238
236
248
234
240
246
244
250
248
241
229
244
249
251
233
246
241
248
244
230
239
247
249
250
249
250
251
243
251
246
244
251
237
251
247
254
252
246
249
220
229
247
245
254
242
236
244
247
244
248
240
237
250
237
242
247
245
252
256
242
232
246
251
252
236
253
245
250
247
231
241
248
251
251
250
251
252
244
252
247
245
252
246
252
248
255
254
247
250
223
230
250
247
255
243
238
248
248
246
249
242
240
251
239
244
248
250
255
258
247
233
247
252
260
241
254
246
251
250
232
250
254
252
252
251
252
254
249
254
249
252
255
247
255
249
257
256
249
252
224
231
251
249
258
245
239
249
249
248
250
243
242
252
244
247
251
251
256
259
251
243
250
254
261
242
255
247
252
251
235
251
255
253
255
252
253
256
252
256
250
253
256
248
257
250
258
261
251
253
230
240
252
250
261
246
240
251
251
249
252
244
247
253
246
250
253
254
257
262
253
245
253
255
262
244
257
250
254
252
239
254
256
254
257
257
255
257
255
262
251
255
259
252
258
252
259
262
254
255
233
242
253
251
262
247
244
252
256
250
253
246
248
256
247
252
254
255
258
263
254
248
257
256
265
246
260
252
255
254
240
256
258
255
259
259
256
258
256
264
254
256
260
253
259
254
261
263
258
256
235
243
254
252
265
248
246
255
257
256
254
252
249
257
251
254
255
258
259
265
259
254
258
258
266
251
261
253
256
258
241
257
259
257
260
263
259
260
257
267
255
257
261
254
260
262
266
265
259
259
239
246
257
253
267
249
247
257
263
257
255
255
251
260
256
257
260
262
260
268
260
256
259
263
268
252
262
255
257
259
246
259
260
258
267
264
261
261
258
268
257
259
263
255
261
263
267
266
261
262
245
248
258
255
269
250
249
258
265
258
256
257
252
261
257
259
263
265
262
269
262
257
262
265
269
254
265
256
259
262
250
260
261
259
268
265
262
264
259
269
258
260
267
256
262
264
268
268
262
263
247
249
260
257
270
252
255
259
266
259
259
258
253
264
260
261
264
268
263
270
263
260
265
268
270
255
269
259
260
265
251
261
262
263
271
267
265
265
261
270
267
261
269
257
265
265
269
269
263
264
249
252
264
258
271
253
260
261
267
260
261
262
256
266
261
262
266
270
265
271
264
261
266
269
271
256
270
260
261
266
253
264
266
269
272
271
270
267
262
272
269
262
270
259
268
266
271
271
266
265
252
255
266
260
272
258
261
268
268
261
262
267
261
268
264
264
268
271
267
272
265
262
270
270
272
260
271
261
262
268
255
270
268
270
273
273
272
268
264
273
270
265
273
261
270
271
273
275
270
266
255
266
267
264
273
259
265
270
269
262
265
271
265
271
266
266
269
272
268
273
266
263
271
271
273
265
273
262
264
269
261
273
269
271
274
274
274
271
265
275
273
268
274
262
271
273
275
276
271
267
256
268
268
265
274
265
272
271
273
263
268
273
271
272
267
268
272
274
271
276
269
266
273
274
277
270
275
264
266
270
263
274
271
273
275
275
277
272
269
277
274
269
279
263
272
274
276
279
274
269
257
269
269
266
275
270
275
274
274
264
271
274
274
273
268
269
277
276
275
277
271
267
274
276
278
272
276
267
269
272
265
275
273
274
276
276
278
273
270
278
277
274
280
268
274
275
282
281
275
270
262
273
271
270
276
273
277
276
276
269
276
276
275
275
270
272
278
277
276
278
272
271
275
277
280
275
278
270
273
273
267
276
274
277
277
281
279
276
273
279
279
275
281
273
275
277
283
283
276
271
266
275
272
271
277
277
278
277
277
271
277
277
277
277
273
274
279
281
277
282
275
272
276
279
281
276
279
271
277
274
269
277
276
278
279
282
280
278
275
280
280
276
282
276
276
278
284
284
277
277
269
276
274
274
278
278
279
281
278
275
278
280
278
278
274
278
282
282
278
283
278
275
277
280
282
278
280
273
279
276
272
279
277
281
281
283
281
279
280
281
281
279
284
278
277
282
285
285
283
281
270
278
277
281
279
281
283
282
279
276
281
282
281
279
275
281
283
284
279
284
283
276
281
283
285
280
281
275
281
279
273
283
279
282
284
285
282
280
281
284
283
281
286
283
279
284
286
286
284
283
271
280
279
282
281
282
284
284
281
283
282
284
282
283
278
283
284
285
281
285
285
277
282
286
286
282
282
281
285
281
277
284
281
284
285
286
283
285
284
287
285
284
287
286
280
286
287
287
285
285
273
287
282
285
282
285
285
285
282
284
284
286
284
285
280
284
285
287
284
286
286
282
286
287
287
285
284
282
286
283
282
285
286
285
286
287
285
286
286
288
287
286
288
287
282
288
288
288
287
287
287
288
287
287
286
286
286
286
285
286
286
287
285
286
282
287
286
288
285
287
288
283
287
288
288
286
286
284
287
285
283
288
288
288
287
289
287
289
288
289
288
287
289
289
284
289
289
289
289
289
288
289
289
289
288
287
287
287
287
287
288
288
289
289
285
289
288
289
289
288
289
288
288
289
289
287
288
286
289
288
