%%MatrixMarKet matrix arrary real general
50 64
34
23
21
75
25
78
127
60
28
65
35
8
91
32
77
88
20
106
15
113
101
39
74
37
53
2
125
3
12
12
67
65
57
57
110
80
70
51
55
88
27
118
62
95
81
23
126
74
47
91
47
89
103
1
87
120
50
26
3
39
0
104
31
81
24
31
123
90
61
98
32
60
28
28
88
37
10
11
30
62
121
76
50
127
1
86
10
2
26
111
124
119
116
36
40
31
47
4
62
56
72
72
48
37
116
33
14
101
26
54
64
119
49
121
122
57
59
122
82
35
88
126
42
89
18
111
110
60
13
46
54
102
61
112
70
101
82
18
13
87
73
36
7
64
30
74
96
0
34
25
114
21
41
34
35
47
8
82
27
87
1
33
11
69
82
28
97
9
8
66
23
65
89
65
113
100
41
111
41
52
53
91
115
30
119
32
62
47
10
14
17
104
88
72
47
43
103
47
76
96
25
117
75
101
13
100
30
40
55
10
8
21
120
122
45
107
50
6
45
120
119
105
102
82
15
39
27
127
73
37
118
18
105
28
60
94
89
94
41
24
105
80
39
4
44
29
71
30
5
64
111
116
74
32
86
121
98
89
16
27
118
4
1
63
126
38
66
71
27
121
113
89
52
114
122
58
49
93
11
18
56
118
64
105
11
2
104
93
95
57
119
64
67
17
36
81
85
14
36
5
116
15
15
89
64
117
41
35
48
33
10
124
70
114
100
9
25
47
35
11
12
75
118
34
77
97
8
4
101
110
102
92
53
34
59
117
47
62
33
25
110
90
83
55
28
109
127
120
33
86
80
101
35
110
98
93
118
113
45
122
128
78
93
52
30
101
22
62
69
8
21
90
119
93
41
89
0
105
105
27
21
103
41
87
72
53
42
53
56
72
63
16
61
6
67
72
57
127
12
78
76
56
69
114
115
61
20
93
80
74
106
2
105
58
83
105
94
44
101
39
124
50
101
96
8
41
16
68
14
116
113
81
1
47
120
10
24
5
82
45
98
79
22
13
22
106
65
95
64
123
7
65
124
8
124
7
55
77
119
51
14
0
4
45
99
16
23
26
87
44
128
44
121
30
33
80
23
113
27
16
29
46
14
68
116
43
17
104
50
16
80
84
104
53
0
113
110
55
98
12
24
119
60
122
32
76
120
54
13
77
20
46
78
106
12
123
51
76
48
85
79
115
103
71
39
66
73
83
116
7
39
78
82
38
41
33
43
8
78
11
82
54
46
10
43
127
16
81
30
46
20
28
59
33
57
108
27
10
0
66
52
96
103
19
76
69
0
88
53
89
110
71
82
43
42
27
100
77
46
126
97
37
30
51
65
72
85
59
29
82
86
127
18
0
103
12
82
40
51
31
121
88
62
11
37
11
90
50
103
13
120
44
104
55
59
18
125
10
92
0
6
55
45
78
112
64
58
72
35
63
76
71
26
121
77
61
49
77
17
9
84
109
76
128
123
77
18
105
14
74
44
20
64
121
122
34
11
63
34
69
98
116
65
98
81
76
96
35
107
86
71
99
36
116
68
1
85
94
124
102
1
89
39
5
40
6
0
46
38
27
33
29
30
123
53
6
69
59
77
8
88
46
99
47
30
88
52
15
56
41
84
30
68
115
119
60
110
114
26
22
20
120
97
36
79
94
117
58
20
25
94
30
89
22
33
8
105
57
30
110
6
53
54
50
49
87
58
68
113
117
56
97
94
51
23
29
9
105
57
48
65
50
41
84
95
27
108
13
103
51
4
9
15
103
16
35
89
36
94
104
13
85
96
92
74
47
91
35
112
90
90
107
127
20
46
75
102
103
1
77
81
110
12
109
43
58
63
0
121
5
54
51
40
39
50
95
67
59
44
36
59
47
58
22
60
54
111
42
74
28
11
90
87
96
99
65
90
91
90
43
95
110
27
121
109
107
45
128
73
94
123
25
78
65
99
75
0
29
109
29
37
60
66
75
108
77
29
4
63
12
31
19
66
4
81
43
127
74
40
93
125
119
43
1
90
12
15
118
66
109
9
13
23
48
15
15
3
89
23
40
42
49
114
106
61
16
109
30
39
44
17
73
96
94
15
79
71
104
47
32
55
68
104
55
52
73
65
107
96
67
25
69
15
55
126
56
64
37
92
10
109
52
3
22
45
66
7
38
52
115
85
8
30
83
92
77
34
57
54
91
117
12
74
65
85
8
57
7
116
90
69
40
69
15
80
81
5
50
39
47
112
99
99
54
51
18
124
85
28
64
11
61
12
32
26
59
51
119
50
18
101
126
24
77
97
104
69
24
98
94
22
23
14
38
87
120
115
3
76
53
1
24
63
10
4
103
112
27
72
119
15
74
126
37
75
118
38
114
59
51
12
98
105
69
14
83
19
41
31
67
22
41
1
107
77
89
31
44
2
117
73
85
59
119
109
87
65
14
113
3
65
38
29
59
48
110
103
24
66
120
61
96
4
95
111
125
113
30
89
32
89
14
94
42
34
20
60
27
91
20
69
127
13
54
22
12
106
65
115
82
38
10
72
66
38
58
79
87
86
47
82
56
113
77
9
52
54
100
104
3
124
49
52
81
71
35
55
13
119
118
29
105
17
39
62
105
55
106
117
76
13
122
9
113
113
25
96
22
11
37
111
75
55
73
6
45
85
95
91
123
97
84
84
14
125
47
43
20
106
34
50
14
37
23
39
127
112
1
35
60
75
100
1
51
70
19
14
51
84
89
28
36
108
68
14
128
103
69
124
42
6
22
9
78
116
23
120
116
75
27
30
80
40
23
30
29
98
54
65
26
59
60
101
44
23
71
96
128
79
83
107
8
38
24
93
2
72
85
13
32
40
50
82
86
49
32
6
126
94
73
50
27
64
64
68
67
9
72
55
7
106
95
85
118
31
84
11
46
36
30
5
126
118
100
38
28
118
67
120
66
52
114
16
33
7
124
39
100
107
108
1
105
61
49
45
36
64
117
40
86
41
112
3
112
11
97
126
53
43
93
58
48
70
7
7
102
57
23
50
49
108
47
108
116
31
95
86
112
23
107
38
40
89
104
97
36
111
46
90
59
39
104
92
85
121
123
128
62
38
24
125
19
47
53
110
99
58
45
52
101
118
101
90
61
116
119
12
25
91
113
83
52
36
73
86
128
114
107
126
70
26
92
58
78
76
117
113
9
17
26
87
113
56
105
104
27
123
53
97
118
12
115
33
125
93
111
95
21
104
6
72
21
11
63
128
56
119
128
68
81
16
54
76
66
2
50
125
49
117
68
48
45
72
127
66
42
54
96
95
104
128
13
119
52
95
43
36
81
84
35
39
66
63
7
47
47
21
32
110
67
66
100
77
111
23
42
42
6
16
117
7
61
116
53
52
42
6
24
2
75
46
83
41
81
21
100
79
52
15
36
127
1
37
56
44
51
67
20
19
53
49
108
113
80
49
4
47
128
39
110
92
17
61
31
111
83
14
85
103
59
17
39
48
90
3
54
4
119
32
104
62
73
97
54
38
17
74
126
66
35
58
16
36
23
5
106
25
61
95
9
32
87
39
13
25
84
4
48
127
43
49
25
26
104
34
45
46
43
128
22
65
80
77
83
29
68
111
9
116
23
55
120
15
74
31
123
36
108
69
111
98
78
16
124
26
92
18
90
112
16
99
107
89
93
114
117
77
17
123
80
100
78
107
35
22
49
109
88
7
109
46
88
42
49
78
82
115
73
43
65
72
37
90
92
125
50
112
19
9
42
17
83
43
62
2
72
17
17
86
102
19
121
77
62
102
85
35
19
108
17
80
15
33
105
106
8
24
98
69
58
117
79
31
40
113
19
103
90
64
6
94
65
110
118
128
94
116
2
53
102
78
48
104
45
1
13
99
37
117
40
77
111
51
89
48
64
53
23
119
48
103
92
31
126
114
12
13
31
117
112
116
41
59
125
34
103
3
44
67
61
76
0
4
7
41
67
123
117
6
21
62
58
31
91
102
87
79
32
82
70
60
88
10
11
61
43
119
68
74
119
18
3
76
19
37
93
45
80
9
127
73
72
12
4
73
49
99
121
11
116
74
78
63
98
96
27
41
94
109
58
73
96
127
42
55
35
46
87
75
76
25
64
42
51
113
113
68
84
64
97
114
76
25
67
87
3
93
51
85
118
47
48
51
3
89
58
61
116
49
128
53
94
53
96
92
32
22
69
83
11
9
26
18
57
109
5
72
92
100
125
9
77
119
43
96
81
64
46
109
83
112
93
86
57
97
23
55
119
29
124
19
13
84
50
21
22
94
69
127
100
125
19
36
30
27
48
89
80
110
124
65
60
52
35
36
107
76
36
21
62
23
35
69
104
27
110
112
61
22
59
104
4
117
100
14
71
56
59
122
106
100
93
25
35
101
124
21
122
37
13
104
82
21
80
4
60
44
102
55
33
37
99
91
0
125
69
122
66
67
45
5
90
7
116
103
30
72
40
19
23
45
46
106
87
11
98
34
34
6
24
22
107
103
99
32
105
66
127
94
115
83
55
117
43
126
91
61
113
18
41
92
87
25
112
72
62
71
80
85
101
108
52
53
9
115
98
127
8
126
52
102
97
71
41
63
24
25
37
54
38
4
34
29
115
67
83
34
41
6
80
16
33
119
46
11
30
5
65
49
100
113
91
120
21
20
63
33
25
63
20
18
118
20
113
40
36
55
111
29
107
84
107
7
33
96
74
4
38
0
54
64
66
93
93
61
64
80
50
63
15
81
38
82
27
106
112
32
24
71
73
68
10
122
102
71
6
66
43
49
1
42
117
84
36
80
32
99
75
12
38
44
43
24
97
49
57
108
102
92
122
36
12
122
86
121
14
78
111
110
124
85
3
66
57
51
18
52
45
89
24
96
14
49
15
93
80
37
75
15
90
56
16
94
108
22
5
98
2
102
40
5
1
56
18
127
72
69
0
58
41
58
111
32
128
115
119
50
7
19
34
45
99
8
23
113
68
80
66
111
110
45
80
121
76
78
83
116
111
33
21
27
71
54
47
29
124
19
18
42
65
122
118
111
3
47
108
92
110
89
15
62
70
65
11
106
78
67
42
75
92
10
126
115
14
116
99
31
61
87
4
66
66
22
7
46
90
26
121
123
116
72
7
95
17
36
65
86
41
115
112
53
103
65
6
24
123
74
126
108
57
42
124
70
56
45
121
19
65
34
119
39
124
85
37
48
3
17
12
120
93
102
84
3
74
63
9
104
42
68
95
109
31
12
128
90
100
106
20
71
108
8
12
10
32
82
53
39
63
79
65
87
53
56
6
95
9
123
97
114
106
113
108
99
21
122
78
100
97
81
79
108
124
8
73
108
115
86
14
104
127
101
3
26
83
123
24
70
110
128
61
63
33
30
29
58
117
94
121
59
97
115
123
11
79
26
24
12
84
45
41
68
112
95
102
71
70
78
63
29
37
59
40
88
58
120
46
91
119
108
8
86
109
107
61
89
15
121
54
106
127
33
23
91
20
108
96
121
122
48
75
86
62
46
89
30
17
100
83
98
5
92
93
101
106
112
103
30
57
79
57
55
64
115
94
50
122
77
8
74
64
66
61
86
110
0
63
44
58
9
88
109
20
60
26
57
86
51
45
51
13
110
5
74
72
16
113
63
103
91
46
58
49
10
90
107
10
68
125
32
128
89
0
89
30
114
82
45
102
78
123
96
82
44
127
52
73
69
85
83
5
60
106
39
123
10
14
122
108
98
10
41
64
80
61
56
75
25
101
69
105
127
26
84
117
98
111
105
84
78
121
67
98
96
80
101
105
56
5
41
103
46
28
127
96
55
42
103
82
56
37
50
53
108
66
56
105
66
82
55
79
119
108
47
24
42
57
57
61
65
86
123
27
55
5
114
97
107
53
122
95
33
52
67
104
70
37
59
11
96
18
97
32
5
71
104
83
42
11
34
21
48
123
23
120
62
6
101
56
15
100
114
100
55
14
112
123
41
38
100
4
88
30
6
85
111
26
4
114
108
49
18
70
110
61
74
114
47
127
93
99
90
24
75
0
71
25
17
60
90
72
81
28
62
53
93
17
105
44
47
31
49
26
106
41
97
84
29
66
113
48
121
59
64
105
127
102
101
23
57
22
5
115
63
128
69
74
54
73
17
14
16
41
123
60
18
90
45
33
73
9
9
13
105
88
118
5
47
106
37
5
38
1
73
123
53
97
108
126
21
47
7
2
34
66
42
96
0
3
54
101
119
90
76
31
28
66
28
98
89
43
76
84
100
99
67
121
52
74
79
77
107
112
1
73
120
60
64
32
78
82
105
0
22
29
83
115
1
109
52
78
108
89
112
41
33
47
128
77
38
114
23
57
34
12
18
67
115
100
122
121
30
40
121
25
124
106
105
29
4
116
17
58
18
94
95
115
126
28
112
92
31
109
2
101
76
110
73
63
3
56
23
97
106
68
121
115
1
56
127
52
94
71
77
72
88
31
13
91
53
72
58
74
24
56
128
56
13
108
111
33
46
35
68
21
74
67
21
15
81
74
126
97
72
21
84
70
26
124
123
39
122
12
87
29
9
9
104
92
119
81
109
43
105
63
119
20
117
1
76
28
11
45
16
5
58
41
16
78
84
19
16
121
110
12
13
38
44
13
109
42
34
122
13
62
93
23
48
88
15
2
2
18
98
40
94
54
97
116
72
99
104
112
19
99
9
15
19
128
10
75
102
57
6
86
19
126
116
96
95
1
123
10
75
108
72
90
9
10
10
98
28
87
3
9
109
122
69
20
7
17
96
117
45
9
18
24
29
31
58
109
93
53
100
38
112
17
88
64
12
2
91
102
34
70
107
17
8
12
105
28
2
102
20
72
102
16
30
124
28
2
6
127
91
76
124
91
44
55
85
54
115
46
86
109
78
16
122
39
26
39
19
73
101
4
11
127
110
67
90
7
51
29
38
91
73
94
76
101
98
103
62
22
27
16
105
4
68
89
95
6
66
9
128
45
15
79
116
75
1
18
59
66
37
25
86
125
27
107
41
44
30
107
53
93
58
85
51
55
25
31
70
65
88
24
33
37
11
38
23
63
22
6
115
85
20
125
107
64
83
48
52
84
124
59
58
15
20
100
77
95
116
50
69
63
101
41
37
111
0
13
21
17
6
60
65
40
78
125
4
26
116
36
98
29
91
55
113
65
68
87
61
86
80
8
44
46
82
69
23
91
80
86
58
63
7
5
36
52
46
85
21
96
35
31
119
7
95
98
8
38
