%%MatrixMarKet matrix arrary real general
50 213
113
78
71
250
85
258
422
199
94
216
118
29
303
108
257
291
66
351
50
374
335
129
246
124
177
7
414
12
42
42
222
215
190
189
365
265
234
170
182
291
91
390
207
317
270
78
417
247
156
302
158
299
344
3
291
399
169
88
10
130
0
348
104
271
83
103
412
302
206
327
107
202
95
95
295
123
35
37
102
207
404
253
168
425
4
287
33
8
87
371
413
399
387
120
135
103
159
14
207
186
243
243
163
124
389
112
49
339
88
181
217
400
165
406
410
191
199
410
276
118
297
422
141
299
63
371
371
201
43
154
181
343
205
376
234
340
275
61
46
293
245
121
24
215
102
248
323
1
114
85
385
71
138
117
120
161
29
276
91
293
5
114
38
234
275
97
329
33
29
224
78
220
301
220
380
339
139
375
138
178
179
309
389
101
402
110
210
160
33
49
60
352
299
244
160
146
348
159
257
325
85
399
254
344
44
341
103
135
187
36
27
71
406
415
155
365
172
22
154
407
405
356
346
280
52
132
94
38
247
127
399
64
356
96
205
321
304
318
141
82
356
271
132
13
148
98
242
102
19
217
379
398
255
109
295
412
334
303
56
95
402
14
4
215
417
131
227
242
94
413
387
305
178
388
415
198
169
319
39
62
190
403
218
357
39
8
354
317
326
194
405
219
229
60
125
276
291
50
125
18
397
54
52
304
222
403
143
122
164
115
36
75
241
392
343
31
87
163
122
38
42
258
405
117
263
334
30
14
348
378
350
317
184
118
202
402
161
214
116
85
379
310
285
188
95
375
163
413
113
294
277
350
123
380
339
320
408
391
155
114
121
269
321
179
106
349
78
214
240
29
72
310
410
320
141
308
1
364
363
93
72
357
144
301
251
183
147
185
196
248
219
56
212
23
233
249
196
16
42
271
263
196
242
397
400
213
69
322
280
258
369
9
365
203
287
366
326
153
350
137
413
174
352
335
27
142
57
236
50
404
391
282
6
165
418
37
85
19
284
156
342
275
76
48
77
368
227
329
222
17
25
229
263
30
46
26
191
269
414
179
51
3
17
159
347
58
81
91
303
154
355
155
416
106
117
279
80
395
97
58
101
161
49
240
405
150
61
362
175
59
279
294
364
187
2
396
386
193
344
44
422
230
213
314
113
268
71
190
49
271
73
163
275
371
43
133
181
268
169
298
278
403
361
252
136
233
256
292
409
27
136
274
288
135
144
118
154
28
276
40
287
190
162
38
153
111
57
286
107
162
73
99
210
118
204
381
96
37
3
236
183
338
418
68
268
245
0
313
187
315
389
252
291
154
151
96
353
274
163
165
345
133
108
182
229
253
301
211
103
292
305
299
66
0
366
42
292
141
182
112
285
315
221
41
132
39
320
179
366
47
376
156
369
196
211
65
346
38
328
0
24
196
162
278
397
228
208
255
124
225
270
254
93
310
273
217
175
276
63
32
301
387
269
340
127
421
67
375
52
265
159
74
230
394
231
122
39
225
124
246
352
157
234
352
292
273
343
127
382
307
256
355
130
414
243
3
305
338
261
364
5
319
141
19
142
21
0
164
138
97
120
105
108
61
190
24
248
212
275
32
317
167
358
171
108
317
187
57
203
147
303
109
245
354
356
216
395
409
421
79
419
179
349
132
287
338
361
209
72
92
339
109
322
81
118
31
377
207
110
396
23
416
196
179
177
315
208
245
407
114
205
351
341
187
83
105
34
382
206
176
236
181
150
304
346
98
390
49
372
186
15
33
57
372
60
128
323
133
340
379
47
308
347
334
269
170
329
128
404
327
328
414
275
74
169
271
371
374
6
278
294
401
45
399
159
212
230
0
165
21
198
188
146
145
183
348
246
215
163
132
215
172
212
81
221
421
404
155
272
103
41
328
318
352
363
237
330
333
328
158
345
402
101
22
396
392
164
271
269
343
406
92
288
239
364
277
3
108
400
108
135
221
242
276
395
282
107
16
232
44
115
71
243
18
298
160
37
415
148
340
194
171
158
6
332
45
57
31
244
400
36
48
86
177
58
55
12
418
84
149
155
181
367
393
226
60
403
113
146
163
64
272
353
348
57
293
263
384
174
424
204
415
385
204
195
271
242
417
354
248
95
414
55
203
260
208
239
139
340
38
403
194
11
82
167
244
29
415
193
30
412
30
114
310
343
285
129
212
200
341
195
45
277
242
316
420
214
27
342
334
258
151
256
56
297
302
18
187
147
175
43
370
367
201
189
69
332
421
106
237
43
228
46
121
97
221
191
207
187
68
380
269
92
290
362
389
260
91
417
351
82
88
55
142
327
393
358
12
284
200
4
90
238
38
16
385
40
104
271
421
58
277
230
139
283
126
143
213
220
192
46
367
392
261
52
313
72
156
118
250
86
157
6
404
292
336
119
165
8
249
276
319
222
170
322
329
410
53
389
12
246
146
111
224
183
277
387
91
251
237
230
361
17
359
341
123
343
114
335
122
335
419
355
160
129
426
226
105
342
78
418
338
420
205
426
48
419
249
129
313
147
39
274
250
144
220
299
331
414
178
314
215
59
293
37
199
426
378
394
13
149
186
197
309
272
133
208
49
192
44
112
400
67
151
237
399
412
401
194
287
50
60
37
197
91
97
366
86
45
143
141
286
213
278
23
173
324
362
347
31
373
321
323
55
62
180
166
79
396
133
193
56
413
90
150
329
345
6
134
230
288
382
4
196
267
72
53
196
321
340
107
139
95
261
56
299
398
267
212
408
24
87
34
302
227
91
363
414
291
106
117
419
155
89
417
113
379
210
250
101
228
233
390
172
89
272
371
199
305
318
344
33
145
93
359
10
277
409
414
124
408
418
318
333
192
126
26
392
406
284
194
107
249
248
264
260
37
279
214
27
317
370
329
276
120
327
43
181
141
119
19
394
317
386
148
111
168
261
317
256
201
206
62
130
27
112
152
386
355
261
5
59
240
193
175
142
251
39
158
336
160
202
12
154
42
381
230
207
416
363
227
187
274
30
29
397
225
90
195
191
59
185
239
341
123
370
335
354
90
124
150
156
347
96
379
142
13
181
351
231
152
142
364
336
386
365
196
244
152
421
6
420
184
209
59
389
400
177
425
396
311
398
353
239
237
315
49
99
359
102
326
206
142
290
339
314
353
121
54
277
102
362
228
309
299
49
14
35
68
102
347
384
223
204
402
109
387
210
386
307
49
175
131
274
370
305
376
86
297
25
284
85
44
251
212
225
90
426
406
323
64
426
302
261
11
200
248
196
420
269
190
178
420
143
261
166
214
382
377
129
135
52
300
210
380
172
144
325
337
141
158
266
252
31
189
188
420
413
190
268
266
399
309
409
94
168
168
25
63
186
28
243
103
214
208
167
25
96
11
301
186
332
163
324
86
167
318
208
60
146
191
4
150
225
176
207
269
82
79
212
200
95
167
322
197
19
189
352
157
131
371
70
426
126
326
420
56
341
145
240
71
156
196
362
14
219
18
205
128
333
249
292
389
219
155
70
297
0
267
142
237
65
147
94
23
49
104
246
385
422
129
353
160
54
101
343
17
195
247
177
200
102
108
94
138
185
189
177
52
412
264
326
313
338
412
275
62
38
68
95
225
321
401
302
128
328
146
167
281
161
194
320
67
346
412
377
73
369
185
67
162
425
362
382
194
283
315
70
111
329
294
318
119
145
93
201
20
360
29
194
421
359
174
200
318
337
1
299
179
268
294
153
367
375
191
207
184
80
39
172
415
342
178
257
12
402
72
72
354
354
79
320
318
257
46
351
145
79
314
73
330
64
137
58
40
35
100
350
284
239
268
395
131
164
307
78
176
370
263
27
387
269
14
43
333
388
76
9
217
243
325
202
101
189
5
53
149
154
1
166
319
248
212
416
201
267
221
97
361
406
341
384
129
368
327
53
396
130
193
117
316
173
245
125
143
119
16
419
278
254
318
1
19
31
173
279
352
395
27
87
262
245
131
419
190
364
332
134
344
423
251
368
42
49
426
179
96
285
308
411
75
14
317
83
158
390
395
334
421
262
306
301
53
413
304
207
28
221
424
416
310
326
262
228
199
116
172
170
212
245
310
330
347
179
232
150
194
367
317
321
108
271
177
216
47
114
287
355
270
182
84
322
107
285
367
16
191
217
360
31
200
203
214
12
378
244
256
327
207
373
226
2
226
390
390
134
94
293
350
47
42
111
78
242
233
23
308
394
367
372
40
329
20
183
392
344
274
395
271
354
253
16
366
243
145
97
235
156
123
160
84
57
359
211
90
95
13
293
412
426
72
80
156
401
118
206
380
342
224
273
281
259
225
151
154
383
326
158
93
266
99
149
295
335
117
338
286
263
412
253
130
20
350
271
411
305
243
252
127
12
69
310
107
151
370
121
90
266
158
58
384
423
91
344
19
257
188
198
235
145
413
58
80
2
153
297
177
288
292
194
22
151
32
239
295
130
311
175
84
100
196
199
68
376
48
358
149
149
26
106
97
382
355
232
139
373
288
12
289
119
360
237
81
185
405
210
265
84
81
177
407
379
108
363
315
270
309
348
371
106
95
227
233
39
354
396
291
37
357
229
252
109
308
182
275
107
109
163
236
169
401
149
127
24
291
362
151
182
27
351
71
146
169
202
49
132
22
285
216
140
249
114
303
93
90
279
147
111
278
88
406
204
88
420
176
160
244
19
131
14
372
167
31
394
97
324
394
166
0
393
284
293
54
391
411
284
351
223
279
68
355
168
363
407
275
88
142
108
315
322
301
44
66
217
318
30
292
191
220
5
190
376
372
162
386
145
95
333
57
170
198
191
109
104
218
256
48
102
379
298
161
53
236
382
319
62
346
37
219
106
378
14
295
254
227
83
230
201
82
107
212
62
219
69
415
360
167
336
68
279
250
399
232
174
99
25
211
10
193
179
23
4
253
84
285
322
310
2
262
397
262
205
146
255
179
194
226
409
85
155
202
373
39
106
207
303
360
298
106
35
202
361
160
413
355
374
346
131
151
399
126
323
244
212
131
163
89
84
191
292
57
95
300
16
215
381
204
110
28
69
280
316
293
53
322
354
422
190
339
362
406
165
137
67
163
189
140
277
324
21
384
303
102
32
210
315
122
100
76
61
330
36
351
81
163
296
98
187
253
166
242
72
296
28
109
267
337
277
331
263
192
84
320
258
206
241
88
296
156
75
179
365
40
169
220
15
77
58
292
267
8
371
18
343
289
44
31
193
313
6
242
145
56
148
125
354
402
94
404
245
39
55
46
150
377
243
179
290
365
300
295
244
257
29
342
409
3
43
139
50
183
338
188
97
387
361
252
190
374
363
181
132
39
338
26
160
310
67
257
184
423
17
125
82
286
111
325
411
73
284
293
156
424
138
269
127
60
95
273
104
6
366
385
369
120
112
58
195
209
193
317
243
16
112
393
395
365
292
135
174
419
190
119
274
300
218
340
363
92
38
396
57
407
288
319
73
104
257
60
153
155
111
112
97
21
230
0
22
227
353
171
292
217
251
141
83
291
308
152
393
250
406
272
184
421
138
141
410
372
270
261
306
302
213
239
372
365
400
352
302
315
292
257
260
4
300
209
275
46
248
328
98
284
127
271
272
388
216
245
406
118
23
351
340
76
226
298
407
123
217
274
233
49
186
161
51
424
223
152
303
180
2
86
146
144
45
216
50
375
133
189
148
210
83
251
353
330
9
265
26
291
268
188
174
50
68
41
392
174
51
199
305
223
295
270
360
121
146
330
289
393
125
402
4
184
73
70
379
375
375
323
5
387
280
212
125
270
25
201
352
224
135
149
56
415
204
44
100
405
390
244
259
307
321
272
414
318
308
268
377
144
358
227
420
204
279
424
298
313
117
255
130
267
26
404
338
290
257
163
404
164
256
328
335
345
181
290
54
384
92
159
413
27
347
288
320
205
54
400
103
236
224
114
387
306
32
59
409
75
111
371
263
271
69
257
9
199
392
143
20
81
149
30
379
73
129
20
332
153
239
91
347
371
302
409
308
234
129
335
411
116
120
373
3
352
124
397
295
108
356
310
141
386
262
184
86
216
390
232
424
244
130
259
408
413
369
144
326
186
238
312
293
316
252
391
181
17
115
285
415
26
102
314
305
348
369
396
378
89
71
385
205
7
298
92
316
224
169
366
46
48
68
333
408
196
26
389
18
186
28
189
7
364
114
264
338
190
91
107
235
35
384
173
329
211
250
3
18
273
133
37
302
338
156
141
334
420
104
338
426
164
361
168
38
338
236
265
167
49
189
377
238
7
371
44
303
322
164
182
329
252
0
111
146
230
412
9
395
261
306
423
278
139
210
170
238
418
270
195
158
117
291
174
65
94
340
60
417
245
170
153
207
53
127
232
400
240
147
24
2
89
294
94
168
46
6
334
143
191
39
158
388
12
150
265
425
6
322
15
288
425
251
388
346
345
30
9
287
317
414
396
365
83
64
95
163
418
411
276
172
301
212
126
292
418
426
69
385
325
384
239
181
418
108
202
346
386
81
304
29
281
321
14
109
426
361
134
228
376
203
61
63
419
153
47
47
6
354
340
194
244
226
47
329
72
106
397
7
237
412
60
236
86
28
301
412
373
14
221
99
86
21
208
63
67
404
231
69
207
218
178
251
71
324
424
124
250
216
81
11
14
96
80
211
213
283
388
267
325
188
149
261
381
273
50
78
100
317
52
185
219
303
35
193
100
301
25
417
180
8
25
53
330
54
387
352
47
53
54
312
150
352
405
49
404
297
367
106
40
92
121
189
238
50
98
130
157
164
308
98
335
282
299
405
228
92
70
342
66
11
398
275
182
368
118
402
43
66
407
152
12
420
106
178
42
88
161
61
152
15
36
291
346
77
382
388
426
297
407
370
176
247
352
173
206
87
251
407
140
212
402
324
21
26
63
331
184
365
117
41
275
159
209
232
364
410
226
244
213
39
337
123
146
90
86
24
165
188
56
34
357
48
310
245
81
256
267
355
9
101
320
359
203
137
277
232
147
146
389
240
167
228
293
311
316
251
278
421
137
171
63
358
292
135
424
201
61
212
127
344
124
37
196
101
111
309
61
351
204
266
288
374
424
323
316
81
109
269
359
36
54
277
246
370
397
224
203
385
1
72
120
94
403
332
360
224
252
236
24
144
211
424
228
164
263
307
53
403
358
17
392
240
132
47
246
384
373
59
130
206
202
70
324
410
41
371
201
287
258
188
367
401
412
176
4
39
101
2
47
213
236
311
278
81
358
43
197
21
309
377
272
106
127
222
336
171
68
226
260
341
185
376
45
264
225
170
351
232
372
278
279
75
399
40
366
394
270
161
358
79
266
308
164
335
63
114
41
330
232
46
93
158
110
227
322
221
238
19
378
275
66
378
164
46
342
42
208
277
210
385
47
325
142
113
304
379
294
72
277
220
301
405
344
236
114
59
194
107
422
184
246
68
142
414
72
415
206
351
298
13
172
140
277
24
320
52
425
79
204
206
20
51
108
275
279
62
415
316
392
312
295
106
38
337
170
63
385
342
185
174
55
376
283
180
154
92
148
111
319
412
198
97
344
27
221
119
293
250
111
401
275
166
194
185
398
356
173
47
118
161
179
270
30
308
119
382
118
113
274
212
332
188
343
348
322
235
199
106
231
71
400
39
329
311
388
405
382
187
265
104
153
298
239
216
344
187
50
216
79
22
30
426
130
289
334
313
121
321
184
30
68
127
140
387
299
55
28
412
398
48
340
380
150
267
231
54
123
167
151
210
191
337
147
275
423
293
223
189
30
146
368
248
44
197
82
301
421
185
92
49
313
23
33
347
296
29
151
112
284
78
221
273
153
149
326
35
216
396
326
205
199
239
355
173
88
4
220
119
105
420
411
146
155
18
32
52
397
268
50
319
374
86
216
341
239
137
49
319
154
338
121
98
271
122
357
155
102
237
55
26
244
112
97
129
242
217
116
303
12
11
187
74
203
50
311
295
297
314
426
343
159
298
327
379
354
48
196
353
51
260
101
15
172
267
375
2
178
399
9
181
298
110
270
224
255
193
214
176
67
190
151
254
425
268
412
159
281
122
286
143
190
284
278
71
49
210
62
193
317
418
99
90
106
113
172
26
187
110
21
282
11
50
369
8
276
144
66
291
17
354
123
14
320
145
55
261
298
284
230
227
355
215
398
219
143
251
77
265
354
64
343
185
321
0
26
173
265
80
87
208
22
160
110
202
193
312
114
7
18
25
290
76
305
192
353
345
86
72
162
234
118
395
342
356
421
148
219
356
295
186
72
375
380
214
241
169
388
164
309
202
356
30
180
351
386
30
403
89
27
221
70
10
175
318
288
318
75
387
204
244
94
169
321
156
332
367
284
92
328
26
168
64
181
291
8
371
47
85
72
13
331
111
142
140
358
194
71
35
3
415
353
292
408
227
80
193
354
361
9
247
45
401
195
184
96
205
183
339
48
210
314
69
329
191
32
390
212
129
141
341
314
265
193
389
323
27
199
216
42
192
188
335
329
252
230
33
178
55
31
136
218
119
84
420
163
177
423
114
101
139
271
78
323
80
158
141
130
323
356
399
300
253
21
363
330
255
96
214
37
52
303
101
57
112
13
353
155
166
225
425
94
276
68
317
91
214
182
255
97
187
323
45
282
199
390
316
151
225
314
345
91
261
353
192
333
365
145
366
370
131
261
426
398
369
339
366
243
19
63
230
136
381
350
154
245
326
153
418
349
400
373
245
162
221
81
126
29
200
30
172
79
36
78
390
296
394
95
218
20
308
203
40
23
234
211
0
359
129
236
60
407
131
29
52
402
327
403
263
14
334
271
360
274
91
388
18
217
353
422
89
127
54
69
176
32
134
93
361
58
231
350
405
206
11
424
320
273
93
2
0
24
132
81
171
84
23
284
57
28
280
67
179
217
146
208
342
249
100
172
227
334
199
261
46
109
104
324
302
404
72
76
283
226
224
258
59
283
205
209
94
348
93
403
249
348
251
381
241
374
33
112
348
95
148
88
271
108
100
213
390
30
0
115
357
55
324
26
218
357
332
150
121
272
315
325
65
389
222
377
298
17
410
187
115
222
32
361
262
199
71
181
142
295
386
208
51
7
244
229
55
164
184
348
85
121
268
213
310
84
315
103
201
336
149
79
268
181
238
5
368
246
232
226
245
285
33
303
234
150
160
171
367
155
47
308
375
2
259
417
309
342
81
34
41
119
206
400
112
7
167
135
404
260
337
239
248
227
229
22
304
257
54
317
256
132
122
361
356
218
5
137
8
412
403
368
114
83
92
7
76
175
42
325
223
363
388
127
343
335
21
22
245
313
374
180
409
135
402
286
303
214
183
383
95
383
129
379
232
111
215
215
123
117
126
23
259
367
131
192
117
111
137
2
382
31
269
255
280
197
214
81
83
145
152
369
309
249
203
403
323
296
57
288
74
20
137
234
310
389
273
116
2
361
66
190
269
45
105
225
28
347
222
241
91
249
53
285
175
70
395
259
68
327
309
161
115
132
202
78
69
279
246
412
177
340
345
143
231
91
243
164
265
283
125
277
356
316
212
116
108
12
60
311
3
410
100
38
356
292
336
170
266
61
154
201
370
150
43
364
425
69
292
286
20
17
169
27
95
408
380
143
89
202
402
311
318
417
276
355
366
183
261
345
119
261
239
163
339
161
347
224
182
24
11
379
178
83
186
249
398
349
192
52
68
122
204
228
109
246
6
242
331
72
15
331
147
32
422
221
272
65
18
322
384
55
123
302
391
48
121
141
331
55
85
105
298
347
386
327
16
229
154
378
390
70
254
323
272
126
145
322
79
343
285
419
155
282
187
233
0
41
355
168
410
266
190
259
101
36
93
220
298
358
60
290
36
196
133
279
171
77
351
319
424
134
259
142
423
259
409
73
378
133
259
375
3
55
334
67
300
105
30
425
170
140
307
190
321
77
400
83
248
215
383
347
202
117
247
324
56
365
128
360
33
124
89
423
152
124
49
359
285
37
135
266
383
22
373
387
295
76
422
374
152
292
352
8
219
78
23
307
29
70
336
260
412
106
154
214
182
48
385
311
416
206
249
140
403
301
57
347
34
337
98
270
57
54
394
378
400
221
15
88
349
188
307
164
87
158
209
132
290
206
161
340
145
46
283
410
271
64
103
75
307
142
286
281
180
296
218
80
329
3
370
240
76
115
8
141
164
123
226
78
5
368
206
351
234
422
369
195
336
17
369
162
130
367
27
230
126
163
18
263
272
262
209
225
217
267
220
152
224
236
98
394
121
60
37
271
233
19
133
89
42
112
40
2
240
346
239
256
360
314
44
377
278
248
424
285
368
361
73
63
347
73
25
348
388
142
45
318
106
113
280
180
267
318
249
389
216
350
347
210
87
251
363
15
77
280
339
215
127
145
180
62
131
305
84
53
198
4
55
51
62
416
183
321
266
419
271
233
145
179
311
205
102
13
330
177
190
416
41
178
188
351
181
141
55
172
346
178
388
218
139
295
358
273
202
370
277
292
187
360
90
414
350
370
195
320
369
374
122
309
267
30
212
133
392
114
324
249
19
189
36
346
288
320
247
135
368
424
412
9
10
376
27
344
401
230
382
25
311
126
204
269
356
374
150
129
253
342
154
290
423
107
321
240
203
31
127
269
191
8
243
313
237
136
30
376
270
401
210
163
415
3
8
222
5
408
88
1
89
83
364
285
328
287
342
264
299
163
425
134
105
120
5
120
282
165
16
264
353
369
27
270
143
189
393
241
277
393
164
106
306
44
84
203
400
172
289
43
352
384
193
130
422
111
15
53
330
25
20
67
273
183
281
319
166
70
120
357
379
9
134
143
64
95
56
311
97
346
141
107
253
77
167
178
200
389
82
253
355
201
238
376
371
233
123
299
280
410
39
230
208
211
337
210
363
160
339
405
86
381
70
176
210
54
64
271
63
348
110
102
322
289
188
280
360
110
359
420
407
392
376
337
219
338
401
181
178
364
333
267
2
350
148
225
246
64
249
334
112
174
32
409
374
342
136
202
24
285
131
20
268
28
93
216
416
178
64
373
353
374
272
291
35
393
135
314
266
266
37
60
11
155
189
271
352
426
244
193
102
302
163
271
152
380
380
415
115
32
282
134
134
75
147
112
208
405
82
148
34
137
383
252
341
67
32
298
352
396
244
168
55
399
79
245
393
384
399
198
144
398
230
149
376
61
420
383
9
416
356
378
229
52
374
290
219
25
373
344
425
398
158
56
364
160
117
414
3
213
29
56
267
134
234
300
234
130
80
197
203
51
117
400
360
326
404
236
219
214
340
250
82
303
156
407
281
380
112
335
374
198
10
246
193
331
59
312
282
91
52
293
229
405
203
103
243
49
64
298
211
96
279
182
276
238
47
256
394
138
204
201
1
283
253
272
124
406
165
115
402
222
366
234
256
158
44
239
19
339
274
196
59
277
383
364
101
138
345
369
47
159
195
135
46
340
109
65
391
310
278
366
394
352
308
71
222
234
405
293
70
199
233
30
387
239
68
97
314
87
318
394
86
186
220
161
116
328
119
132
147
251
314
274
380
322
41
411
158
312
227
131
45
220
149
185
68
91
423
300
137
21
43
280
397
355
257
208
233
142
325
213
199
188
357
309
99
69
205
321
268
413
172
298
64
125
137
77
132
324
278
330
231
348
340
389
346
269
322
263
198
362
340
115
372
418
316
424
198
218
9
165
155
390
163
29
239
117
314
41
126
372
399
88
379
117
251
50
2
204
409
195
388
273
88
207
233
63
295
361
218
117
51
130
401
228
223
77
185
134
368
371
398
28
290
253
205
285
86
63
102
352
72
53
324
294
360
58
365
398
304
371
376
175
84
315
85
147
7
68
191
109
184
128
382
110
242
219
286
85
234
0
48
168
259
270
321
239
215
146
360
247
354
172
222
51
297
299
41
374
408
66
296
301
192
297
365
391
411
113
309
47
162
347
391
124
316
155
349
339
288
13
214
88
287
306
148
166
315
357
314
93
23
306
256
156
93
364
291
116
404
409
308
114
79
33
24
122
355
302
152
164
149
25
216
412
148
291
162
376
411
190
24
20
215
51
281
142
3
399
145
128
67
166
343
13
208
139
152
411
62
40
321
413
94
111
65
51
238
14
335
396
67
168
331
171
171
254
413
221
234
416
256
71
203
2
357
151
182
155
234
286
190
286
280
377
142
230
196
410
47
25
364
145
335
244
266
134
221
359
46
189
157
210
12
64
148
310
244
229
401
342
328
312
335
304
383
376
243
156
331
50
48
356
80
393
291
400
341
291
170
34
299
166
233
10
353
418
268
190
40
99
408
100
236
64
257
84
135
45
158
405
113
409
219
67
82
391
295
279
12
102
407
426
41
306
362
46
205
255
231
338
91
19
407
389
242
312
46
107
335
151
34
298
89
358
13
353
373
309
7
103
87
359
272
348
227
351
248
223
243
121
344
399
238
347
5
385
165
267
150
62
184
350
71
255
132
166
57
54
72
69
263
337
193
277
202
371
165
26
193
5
276
312
99
267
158
43
411
231
345
24
126
162
63
323
423
372
388
28
91
29
201
325
223
126
108
36
63
17
48
177
1
25
231
287
328
119
152
173
334
185
112
98
309
12
408
71
134
135
264
154
123
198
18
398
152
144
330
112
117
368
348
243
19
18
68
348
337
137
222
63
65
76
276
26
57
39
286
154
297
90
86
65
393
198
76
342
313
145
245
88
353
287
222
15
122
187
311
15
236
96
227
422
365
336
57
403
60
329
180
372
349
92
424
231
110
173
165
258
26
147
63
334
105
46
139
251
325
213
307
166
197
38
296
241
312
302
270
276
50
36
302
425
182
116
132
61
208
319
142
124
57
182
54
372
419
158
383
46
258
285
236
142
348
195
328
202
220
209
426
401
117
218
357
115
278
245
402
382
62
190
275
57
48
270
162
30
95
250
415
379
335
37
1
49
301
364
347
408
167
158
3
282
96
390
240
240
25
4
253
383
159
122
298
399
173
115
401
350
182
58
168
217
82
268
271
377
258
94
250
215
102
10
154
413
75
83
166
425
294
89
63
35
382
180
404
43
285
381
312
310
182
1
235
414
151
394
100
222
271
421
136
147
141
176
20
307
80
289
124
289
269
272
310
260
165
38
389
254
264
259
265
282
117
205
300
217
60
26
252
4
154
115
113
378
198
374
415
167
317
48
89
342
222
331
284
2
28
31
34
206
345
407
206
318
278
9
245
139
201
339
73
175
292
229
419
254
19
283
97
378
282
216
398
3
120
260
90
2
69
284
388
254
143
413
101
223
7
193
330
182
58
226
405
80
224
318
244
344
294
384
281
182
168
56
239
273
189
161
192
413
137
140
77
304
347
183
197
271
117
407
423
8
215
261
311
180
201
419
381
414
358
93
317
80
149
299
251
192
378
263
12
362
80
121
128
91
137
197
175
142
21
57
323
256
289
39
215
75
284
284
272
159
199
9
404
145
133
272
397
193
190
64
261
335
335
176
255
237
118
220
319
368
323
360
378
342
167
366
255
360
209
234
193
319
87
48
377
304
11
220
43
39
179
162
218
314
33
368
309
31
128
397
34
157
61
241
160
99
65
389
284
23
202
39
111
320
256
266
47
330
46
338
191
174
300
239
24
248
109
382
259
144
191
158
423
89
191
151
75
251
120
378
145
368
103
260
102
88
359
41
356
329
326
422
322
323
88
95
327
373
157
368
286
345
265
48
324
392
284
35
23
152
137
78
368
283
229
234
376
366
18
384
385
269
237
288
345
147
298
326
402
349
216
171
164
34
98
302
256
188
75
102
425
65
180
175
144
251
281
152
200
391
378
383
213
339
199
75
5
187
312
214
225
110
341
222
240
306
174
155
75
363
223
160
348
8
163
52
406
374
80
264
182
67
97
271
364
417
403
174
67
37
198
195
52
233
188
2
46
337
217
332
42
184
256
290
81
309
178
98
30
126
157
132
13
94
383
252
348
383
129
232
214
183
176
198
168
228
73
182
28
404
362
355
11
205
381
136
316
133
146
84
86
190
21
112
360
5
132
395
99
389
325
120
71
68
192
162
115
228
28
395
376
317
147
73
87
282
218
144
326
296
299
375
344
221
156
308
364
129
218
393
194
97
9
172
66
21
198
5
199
28
325
100
4
225
7
10
300
210
223
341
80
247
222
3
131
247
61
403
58
146
50
274
340
360
326
58
119
294
408
216
26
357
414
390
139
153
169
191
295
207
16
228
40
191
355
7
174
408
36
29
20
56
418
234
57
319
134
402
272
400
62
299
92
164
116
82
176
16
400
61
162
310
349
269
200
208
276
405
237
306
322
327
390
30
79
62
91
126
60
366
151
48
36
87
105
326
196
389
100
77
196
308
34
198
101
379
244
391
37
244
248
372
121
134
107
7
111
309
168
138
327
14
231
91
197
53
288
330
373
176
353
177
140
188
12
375
207
417
165
66
398
186
117
83
256
210
238
397
324
20
312
174
74
21
264
287
56
359
214
301
211
71
10
349
281
31
164
171
330
133
30
22
109
184
65
109
334
233
278
116
170
132
41
304
315
177
100
402
102
99
232
378
307
363
283
351
169
285
409
385
8
202
0
242
28
210
60
20
342
181
213
281
315
234
96
35
26
265
292
111
305
23
200
254
67
326
215
15
400
338
251
395
225
226
76
170
61
93
121
394
397
257
41
58
263
283
339
370
53
36
69
166
209
246
361
329
413
39
29
315
108
360
98
270
405
20
52
157
363
296
231
258
54
145
78
271
268
318
72
185
293
279
358
300
106
22
272
146
55
52
134
410
380
224
375
201
63
255
336
148
10
235
125
340
141
206
394
303
322
182
99
8
359
263
403
129
162
86
417
244
35
279
331
34
54
339
398
65
385
74
110
211
194
178
56
10
6
317
101
392
121
229
406
359
226
329
287
83
318
109
72
409
423
200
259
92
166
48
31
36
221
188
47
112
52
170
63
386
361
169
105
334
36
242
340
415
186
28
110
386
270
263
40
413
238
188
283
65
53
248
68
148
404
340
394
154
351
334
220
402
359
307
196
413
262
160
228
186
148
247
207
187
276
139
123
34
147
269
264
110
149
158
265
150
138
258
418
85
393
115
382
416
134
245
134
272
322
243
238
111
392
307
309
274
374
41
4
256
372
206
70
239
216
93
41
285
287
26
52
270
312
130
105
137
302
143
192
349
220
55
229
398
262
42
74
270
249
328
168
90
185
271
54
32
29
174
194
157
317
1
35
192
241
393
330
140
259
416
184
16
228
344
340
81
285
378
27
25
65
124
347
218
326
391
168
341
175
79
378
27
273
156
92
352
422
254
329
410
83
62
186
185
69
405
80
163
155
28
203
29
408
406
416
302
207
413
242
254
279
66
235
238
92
20
319
101
378
224
310
157
370
73
183
15
185
330
189
397
217
422
320
372
131
250
88
286
239
43
310
48
340
47
98
247
371
319
237
31
303
126
281
373
388
20
250
205
185
361
230
162
30
379
150
82
43
416
169
251
426
226
76
19
400
403
305
11
135
409
254
86
400
104
251
274
17
3
32
198
63
76
161
356
76
356
94
284
53
165
424
335
205
353
15
272
358
316
252
340
363
421
88
83
166
45
401
16
319
32
382
101
328
375
154
84
274
205
140
194
317
329
74
81
255
366
214
299
220
209
250
16
423
237
104
354
50
146
115
154
425
171
347
313
30
62
158
286
171
311
393
181
66
386
296
218
67
68
218
77
198
416
110
368
275
69
291
151
32
384
422
393
286
150
371
206
375
172
303
17
409
324
194
27
26
293
308
195
51
139
161
423
100
417
310
171
353
328
86
39
228
18
28
204
398
292
213
167
88
219
159
276
114
102
365
248
408
223
37
272
198
5
383
51
134
297
367
13
42
346
319
302
94
254
75
251
155
360
81
91
191
71
61
146
12
16
391
333
240
402
25
367
341
197
426
95
246
50
392
324
205
284
69
384
299
17
214
323
15
241
228
100
38
140
81
169
33
410
22
79
260
225
61
229
371
38
45
355
179
351
89
117
93
50
358
391
410
128
170
135
413
8
129
10
120
179
72
36
339
425
53
404
280
219
63
40
65
96
303
277
60
331
127
40
352
421
356
426
132
206
25
241
68
218
300
157
74
393
85
244
269
382
410
159
292
388
262
407
306
341
123
142
106
200
69
72
32
142
361
382
397
87
0
263
36
307
342
184
269
285
365
17
99
189
136
280
198
20
221
224
275
156
165
366
364
126
358
206
125
239
47
179
139
76
221
59
365
294
94
85
194
26
229
16
85
196
237
194
94
126
379
133
85
399
286
368
276
287
180
123
84
391
114
246
236
341
250
422
207
171
37
335
196
246
325
284
361
127
205
75
288
383
302
202
396
116
231
149
331
312
207
120
109
21
230
158
388
217
29
322
281
144
77
267
263
155
153
152
271
148
8
326
24
95
14
140
408
209
230
222
35
406
410
8
365
78
344
49
333
170
160
376
77
54
425
86
116
165
373
384
419
87
142
360
28
287
69
11
309
406
384
72
13
357
321
12
137
21
85
92
278
385
75
370
405
188
381
216
47
109
348
357
104
276
378
400
198
209
87
232
272
180
8
258
255
264
303
92
302
185
337
243
211
201
46
334
380
235
303
314
202
194
366
4
88
276
321
293
139
258
321
255
260
260
71
199
37
375
315
417
325
210
325
192
63
109
175
29
335
409
377
184
411
14
149
397
325
380
415
151
343
384
356
320
408
9
242
193
177
140
131
248
129
202
56
76
130
377
384
246
93
168
85
126
116
26
41
158
81
160
214
158
369
420
22
283
147
240
285
55
123
193
254
268
279
288
251
84
118
393
104
182
414
184
406
318
414
360
243
42
295
419
2
141
422
315
162
61
410
422
65
73
54
316
41
419
171
232
41
273
266
378
200
42
206
290
113
296
50
214
98
121
293
25
330
106
243
155
72
33
241
349
146
99
372
383
180
148
86
184
24
100
281
331
42
420
400
239
99
336
37
54
277
217
142
96
181
263
199
264
71
284
74
48
33
421
423
300
415
34
10
168
102
249
188
270
54
363
322
92
121
318
140
350
248
106
138
61
338
334
370
281
424
236
123
33
79
3
38
10
270
237
189
73
157
79
353
119
89
274
291
44
199
209
345
208
61
90
404
283
163
229
342
51
410
255
278
67
28
263
78
297
6
345
178
55
340
158
298
354
46
140
410
81
305
32
326
269
407
400
130
293
159
416
133
113
161
141
214
152
88
235
82
219
55
64
108
124
107
84
263
22
209
55
327
275
43
312
22
349
70
249
281
408
241
11
142
276
299
367
392
78
249
124
134
418
14
303
338
201
242
13
410
410
377
293
48
129
108
243
108
165
31
216
184
259
381
349
212
177
68
327
421
78
196
374
91
184
396
94
367
229
361
305
314
216
87
281
160
2
160
35
425
92
271
38
236
340
371
407
17
220
303
64
140
365
178
323
185
301
283
67
27
407
315
309
226
280
77
426
327
189
214
316
130
242
48
174
190
112
19
202
248
328
402
336
337
59
357
312
234
199
139
289
214
104
279
195
270
34
199
49
315
307
95
377
152
130
211
308
178
193
156
217
262
103
125
143
231
43
57
328
215
128
268
46
39
38
346
181
134
331
118
70
142
6
23
67
266
23
122
149
155
200
131
412
359
105
409
270
21
298
164
233
127
32
424
386
355
345
11
24
190
37
242
263
40
20
46
332
75
86
223
208
13
294
357
366
379
194
301
273
299
185
89
128
331
225
276
199
98
308
39
269
184
153
251
38
76
182
163
289
2
285
62
23
144
247
7
113
200
364
7
155
266
287
300
74
21
117
128
330
240
266
69
131
331
176
115
270
76
344
222
259
186
142
399
165
219
351
318
41
412
308
147
301
113
204
91
315
206
355
401
390
165
55
239
309
36
426
230
9
348
383
48
420
387
57
358
10
209
217
385
328
76
421
27
354
67
236
175
422
113
293
105
338
216
80
272
290
144
258
82
274
262
283
1
426
8
77
347
416
147
387
267
105
73
66
182
71
59
106
380
52
249
159
10
76
224
310
240
278
265
360
159
145
193
382
133
379
369
133
324
8
286
275
108
231
230
328
75
250
326
264
389
356
285
385
397
18
173
166
348
47
22
98
136
325
396
313
158
202
330
222
335
380
36
238
251
135
426
89
387
225
175
246
137
78
140
227
329
185
60
119
62
388
157
399
87
113
19
179
141
411
322
233
253
275
345
250
371
132
202
375
46
345
364
361
386
268
49
84
373
18
23
313
59
353
377
96
110
10
127
342
56
38
109
280
313
163
365
262
369
303
357
43
257
170
289
194
175
71
50
195
54
275
75
233
30
340
238
320
245
278
309
288
22
126
159
404
163
5
397
151
221
279
225
411
200
279
88
377
337
175
194
243
264
274
96
214
315
378
421
405
202
317
314
400
101
92
87
123
229
239
384
219
293
415
256
80
414
222
108
68
398
115
403
365
52
1
253
12
14
137
226
391
319
315
267
198
74
219
259
134
299
147
200
71
110
359
169
147
233
231
56
375
317
103
69
305
12
18
195
93
229
216
115
134
264
291
250
65
319
36
52
2
366
104
140
296
415
42
36
89
359
252
179
108
170
262
18
170
328
137
94
240
285
338
134
203
235
365
210
306
124
195
283
93
364
267
263
206
270
186
77
80
176
378
265
393
35
397
374
70
224
241
273
125
280
249
263
259
351
232
166
260
396
16
22
298
420
127
129
90
277
235
199
47
229
301
79
425
288
112
250
278
140
110
194
176
33
374
283
319
251
357
87
92
372
256
393
15
188
299
135
189
5
289
117
6
39
336
81
316
161
161
92
324
362
46
414
422
51
210
29
343
255
11
247
392
122
167
178
418
318
161
311
138
363
221
255
403
344
343
318
170
249
361
157
139
396
173
187
96
305
336
13
131
82
214
183
247
178
345
182
58
96
187
3
203
39
194
15
273
285
32
173
255
364
237
422
82
116
367
399
220
148
136
246
181
166
342
66
298
253
21
307
394
396
48
260
135
242
203
5
290
151
140
339
326
195
292
294
215
381
343
224
332
325
141
194
253
245
109
318
418
319
48
167
239
206
312
298
109
245
313
308
368
295
104
396
175
263
392
337
35
181
8
141
394
124
92
251
19
68
39
258
18
409
106
372
288
291
223
313
401
116
162
274
127
360
61
21
301
228
345
363
70
209
120
245
79
392
298
317
113
287
49
389
5
219
321
330
206
200
89
5
131
221
371
213
349
335
30
273
398
141
277
187
281
189
256
332
5
91
185
208
398
25
27
371
237
210
200
24
299
195
261
66
278
323
353
335
41
149
227
91
205
254
153
66
316
386
412
138
108
354
243
36
63
197
186
132
125
218
344
241
206
413
348
332
78
329
189
402
150
263
218
326
149
51
252
237
92
298
376
300
421
412
166
105
95
202
206
375
395
123
326
184
74
5
152
311
122
97
143
36
177
210
208
82
112
198
65
181
13
132
47
307
340
56
423
413
135
120
396
86
99
227
227
127
326
0
185
245
120
417
196
308
67
4
193
1
57
253
126
408
245
96
183
331
309
60
101
223
225
228
352
19
40
167
117
155
380
44
353
274
239
424
356
296
250
320
333
67
365
51
96
356
313
381
80
101
415
43
296
405
344
219
367
42
184
390
140
8
171
418
396
291
71
196
69
183
214
405
269
238
208
143
423
134
401
12
420
244
65
159
37
273
180
382
26
43
45
25
121
121
225
263
133
0
267
171
180
349
33
113
400
337
419
326
414
174
296
75
92
50
384
139
9
341
317
93
58
34
305
212
349
108
189
51
348
104
152
314
272
245
308
34
227
350
171
312
349
122
93
299
161
279
339
286
284
284
9
182
13
29
332
73
258
305
138
224
88
345
263
222
52
25
260
257
259
418
9
404
196
417
106
199
198
412
359
84
117
313
118
312
73
363
13
292
150
131
378
203
175
305
185
309
322
299
241
286
124
366
368
59
378
103
119
407
205
54
152
369
237
104
60
379
387
292
228
64
336
30
189
254
187
150
87
343
256
252
369
250
403
348
222
148
338
165
131
77
324
259
85
220
330
161
259
104
74
58
179
274
199
117
16
41
415
12
294
2
128
191
369
230
269
408
110
268
314
234
370
194
109
350
260
55
42
299
177
381
5
364
200
94
92
197
60
251
388
164
127
136
378
119
223
134
140
177
21
394
242
213
327
87
305
177
272
280
85
218
39
185
410
174
29
2
326
44
55
407
24
306
113
35
110
287
33
20
170
19
24
337
131
387
6
412
266
92
17
393
325
95
229
247
72
233
48
256
203
6
289
192
315
83
218
365
395
307
54
64
275
134
329
342
98
369
231
100
214
396
79
273
103
261
373
73
249
274
346
40
314
120
191
19
235
226
220
217
266
420
258
179
33
249
47
348
281
149
178
28
393
364
127
31
25
250
6
178
372
294
158
299
368
279
179
306
223
91
19
395
99
344
267
235
409
260
266
215
225
261
328
263
76
276
27
212
94
361
33
265
346
369
358
392
217
246
379
52
35
162
63
230
252
103
37
404
70
35
22
328
284
47
197
6
178
121
311
290
233
12
69
96
144
100
412
312
375
303
125
385
341
206
296
225
372
77
234
229
409
302
122
230
386
246
122
378
23
301
118
243
265
402
311
420
97
68
386
226
53
176
262
204
47
47
300
122
232
389
255
236
266
233
190
226
332
11
261
55
374
221
289
63
233
414
136
369
359
347
56
341
197
246
124
316
213
28
62
407
172
271
402
74
316
128
249
301
374
300
238
4
123
332
54
349
151
163
275
356
402
255
223
358
291
77
128
219
321
360
281
380
282
87
217
62
273
180
135
54
14
339
221
260
268
416
45
392
82
59
361
192
248
204
238
151
69
123
192
30
25
280
122
258
394
318
132
416
421
57
127
349
390
240
366
203
319
35
152
384
38
306
224
332
101
35
207
242
3
240
319
197
328
27
119
190
182
323
205
176
196
197
371
64
358
211
299
132
299
208
156
362
92
77
390
335
125
100
115
163
365
310
302
189
95
172
304
242
280
230
171
152
197
34
205
368
182
283
386
135
416
158
253
45
86
355
173
284
29
63
53
11
19
341
263
162
263
405
410
294
380
342
251
137
98
381
220
108
338
201
161
402
393
202
206
271
364
74
358
222
253
264
368
69
355
1
364
366
73
304
164
298
310
297
337
109
251
15
331
334
200
128
286
362
396
418
166
363
18
64
98
403
419
140
5
113
208
157
79
302
24
34
364
179
203
23
80
172
8
5
64
367
264
375
195
45
223
31
395
367
179
240
419
205
422
111
130
18
77
361
37
136
62
22
44
273
208
345
381
52
216
184
387
199
345
261
388
49
82
357
371
226
376
284
241
374
263
138
281
349
136
411
325
264
154
369
316
361
396
222
311
374
300
123
133
77
352
24
111
114
387
10
345
184
95
18
321
237
247
86
411
407
171
306
185
355
298
290
263
413
362
40
421
198
187
142
274
288
234
175
223
146
138
417
38
189
118
46
83
103
383
323
73
125
239
309
373
95
200
320
304
300
168
256
75
17
257
193
103
259
13
39
130
160
321
210
286
301
412
92
1
17
72
20
154
334
93
299
136
177
107
223
74
141
64
9
380
272
342
288
392
337
44
86
265
312
23
417
245
232
302
416
204
147
244
12
213
317
25
125
317
266
30
192
44
211
325
269
213
188
372
250
398
288
223
336
414
296
59
331
263
63
308
241
153
343
217
258
89
422
154
171
389
191
334
424
216
38
425
54
218
70
164
329
123
121
232
11
342
167
303
234
362
320
14
105
8
190
327
221
155
216
326
420
11
372
307
349
118
36
302
398
164
93
17
202
124
319
191
241
11
336
364
79
98
335
65
314
164
339
68
55
364
357
183
308
29
56
136
339
209
172
76
40
386
201
260
80
198
22
89
20
207
327
218
141
241
363
159
423
58
240
123
420
171
339
31
16
399
94
41
180
110
235
131
372
381
349
90
378
254
230
101
355
97
104
168
50
376
112
260
408
147
213
100
386
301
263
245
112
256
37
117
347
370
56
254
247
237
252
419
135
419
24
357
402
338
12
323
274
124
123
225
252
115
65
417
270
190
192
98
415
282
60
15
129
212
93
316
143
296
358
146
233
104
352
402
409
241
416
420
22
182
293
23
134
313
421
28
121
85
94
265
159
212
185
165
122
413
321
228
335
392
272
201
353
193
317
208
107
140
227
322
253
101
64
323
260
137
263
203
137
421
171
229
410
3
31
225
111
303
388
356
125
265
53
351
14
203
33
367
375
50
21
104
29
115
25
125
221
18
17
64
64
409
410
345
383
297
284
338
32
367
409
154
203
62
35
399
50
1
333
74
193
116
128
406
50
164
203
13
401
70
159
100
19
126
113
276
174
7
34
403
278
373
359
351
318
251
80
243
152
114
116
359
236
178
29
63
307
152
7
87
168
286
402
173
334
76
249
108
18
149
344
37
362
370
176
358
176
189
140
213
170
243
184
227
272
251
185
199
115
312
85
52
123
75
166
379
396
401
11
207
269
415
260
60
370
166
170
294
414
325
139
186
50
74
220
80
390
248
255
117
158
178
306
426
9
145
121
39
74
152
174
121
157
121
311
200
300
231
39
384
382
351
98
370
200
358
383
6
0
100
258
339
14
348
319
359
390
290
363
362
80
356
233
239
49
221
246
158
227
332
308
71
196
112
253
388
231
31
81
143
215
200
382
83
103
76
166
192
42
135
394
327
224
44
116
129
394
361
242
341
421
80
386
116
135
237
297
336
120
414
6
390
149
134
117
310
233
226
355
318
415
223
92
0
283
185
405
379
252
227
371
337
416
335
151
101
262
311
154
212
80
372
249
276
191
114
224
192
304
406
367
266
257
226
217
361
358
157
84
99
320
189
232
317
289
354
380
169
378
242
309
79
256
390
332
217
189
45
275
146
186
94
196
125
44
408
407
116
215
59
294
354
323
28
99
119
32
92
349
308
343
262
311
40
83
323
223
167
117
395
347
333
306
308
214
11
106
255
268
215
288
330
198
109
17
6
161
352
105
245
387
14
286
363
93
255
140
381
322
86
175
4
127
260
35
271
14
194
151
74
368
105
118
392
408
85
13
114
41
291
326
130
148
202
265
154
262
160
99
369
397
250
394
56
371
160
213
193
118
108
51
70
161
362
318
135
336
278
139
249
10
262
30
77
98
131
10
40
28
289
244
199
42
273
276
382
294
321
291
401
383
28
168
388
64
123
265
269
244
243
218
420
167
349
417
240
353
68
67
125
368
258
288
308
87
15
326
407
346
240
29
378
342
230
213
177
131
172
394
170
289
180
141
28
45
396
229
40
346
409
14
379
219
270
233
183
132
328
195
312
170
402
277
394
418
136
402
366
417
96
66
74
283
312
110
191
0
46
406
322
58
347
296
42
106
63
364
25
198
116
7
411
276
56
42
185
113
104
103
136
232
160
314
334
277
368
360
188
258
19
301
149
383
248
75
43
273
360
350
324
67
171
80
201
307
264
314
360
29
218
345
387
99
93
55
200
282
57
216
278
89
130
189
156
397
7
8
307
54
98
73
144
406
281
59
216
285
281
11
153
112
311
156
259
248
268
35
238
191
170
313
292
396
147
17
307
178
358
175
266
188
16
272
159
405
2
389
75
383
415
111
174
289
208
295
158
9
396
89
11
379
47
154
156
307
66
84
80
48
340
293
177
117
149
84
287
324
422
253
118
116
210
118
27
226
0
204
128
41
358
363
163
417
304
260
174
269
231
282
125
53
366
274
21
113
408
352
399
239
85
27
282
346
278
0
73
15
355
128
425
274
121
234
173
114
192
393
382
373
346
399
309
179
172
98
73
50
91
106
425
78
88
113
187
262
302
239
10
95
108
320
220
144
374
177
125
202
363
95
400
156
113
345
404
391
191
213
371
395
176
88
236
98
54
118
157
291
47
159
113
270
201
335
343
112
121
13
261
128
169
307
149
105
168
72
333
391
39
300
102
420
116
350
