111.366
51.6917
23.9932
11.1366
5.16917
2.39932
1.11366
0.516917
0.239932
0.111366
81.5291
37.8425
17.5649
8.15291
3.78425
1.75649
0.815291
0.378425
0.175649
0.0815291
45.4556
21.0986
9.79311
4.54556
2.10986
0.979311
0.454556
0.210986
0.0979311
0.0454556
22.2284
10.3175
4.78895
2.22284
1.03175
0.478895
0.222284
0.103175
0.0478895
0.0222284
10.6235
4.931
2.28877
1.06235
0.4931
0.228877
0.106235
0.04931
0.0228877
0.0106235
5.80752
2.69561
1.25119
0.580752
0.269561
0.125119
0.0580752
0.0269561
0.0125119
0.00580752
3.44543
1.59923
0.742295
0.344543
0.159923
0.0742295
0.0344543
0.0159923
0.00742295
0.00344543
1.99983
0.928238
0.43085
0.199983
0.0928238
0.043085
0.0199983
0.00928238
0.0043085
0.00199983
1.2926
0.599971
0.278482
0.12926
0.0599971
0.0278482
0.012926
0.00599971
0.00278482
0.0012926
0.902277
0.4188
0.19439
0.0902277
0.04188
0.019439
0.00902277
0.004188
0.0019439
0.000902277
