%%MatrixMarKet matrix arrary real general
100 15
8
1
6
1
6
1
18
3
7
1
19
1
30
1
14
1
7
2
16
1
9
5
3
2
22
2
8
1
19
1
21
1
5
2
25
1
4
1
27
5
24
1
10
1
18
1
9
1
13
1
1
2
30
7
1
2
3
1
3
1
16
2
16
1
14
2
14
2
26
2
19
3
17
2
12
3
13
1
21
1
7
2
28
1
15
1
23
5
20
2
6
1
30
1
18
2
11
1
22
4
11
3
21
2
24
2
1
4
20
2
28
3
12
3
7
4
1
5
9
2
1
6
24
4
8
4
19
2
6
2
8
4
29
3
21
4
15
3
23
6
8
6
14
2
7
2
7
2
21
3
9
3
3
8
3
4
7
2
15
5
28
3
18
2
12
4
29
3
1
4
20
4
3
6
1
4
6
2
26
7
29
3
30
2
27
3
9
6
10
3
8
3
11
2
1
4
15
4
13
7
17
9
17
3
11
4
9
5
26
4
8
4
4
6
23
5
6
11
12
4
15
8
27
6
11
5
27
3
28
4
13
5
14
4
28
7
19
5
8
7
20
7
28
3
10
3
20
3
5
9
25
4
25
12
14
5
30
4
11
7
12
5
23
3
30
7
25
5
16
8
23
5
19
7
5
6
4
8
20
8
17
6
9
3
2
6
15
8
7
4
17
4
22
4
29
5
8
5
6
9
25
10
5
8
9
5
8
10
8
9
11
5
2
11
18
6
28
13
19
5
29
10
8
9
3
6
15
5
18
5
7
6
21
6
3
8
2
7
15
9
5
9
15
4
20
4
15
4
25
10
22
6
9
14
24
6
9
10
12
9
29
8
20
6
25
9
7
8
30
9
8
7
14
11
11
8
3
10
4
10
4
8
23
6
20
7
16
12
11
9
10
5
23
5
11
6
17
10
21
10
6
12
25
9
16
8
22
11
3
11
21
7
7
13
9
11
12
14
3
8
2
11
5
10
26
7
26
6
10
7
23
10
11
7
2
11
10
11
26
10
25
10
22
5
22
5
18
5
4
14
29
7
6
16
29
7
16
12
8
13
25
9
4
8
22
10
6
10
13
10
29
9
28
12
20
14
9
12
6
11
22
9
17
7
9
10
1
13
29
12
7
9
15
6
7
8
2
13
14
11
23
15
24
10
26
12
7
12
18
12
25
9
20
15
27
12
4
17
6
13
24
13
1
11
1
9
13
7
25
8
29
11
28
8
15
14
6
12
25
11
23
12
19
6
11
9
24
10
27
15
12
11
11
18
19
8
28
13
4
14
27
10
24
10
13
15
22
11
3
15
1
13
21
13
19
15
20
16
12
13
25
10
13
11
14
11
4
14
8
14
28
11
18
7
3
12
28
14
2
16
27
19
4
13
3
15
30
13
13
14
23
10
9
16
29
13
10
18
7
15
3
14
26
12
14
12
23
12
20
9
2
14
30
10
10
17
8
13
3
12
3
13
27
11
24
12
29
11
16
17
20
13
2
19
30
10
20
14
22
16
20
11
19
11
11
16
27
12
12
17
28
14
10
16
13
16
7
17
5
15
26
11
18
12
17
13
11
17
6
15
22
15
10
8
24
13
7
19
17
18
16
20
20
15
7
17
21
14
19
15
18
14
23
17
22
15
9
19
24
17
7
16
15
13
18
13
10
16
29
11
20
15
24
12
12
18
14
17
2
14
4
15
18
13
23
13
26
14
8
19
17
16
1
21
20
11
24
15
6
17
4
13
27
13
8
17
17
15
14
18
11
15
9
18
27
17
11
18
14
17
13
12
4
16
12
16
2
18
13
16
14
16
29
13
28
15
3
20
15
19
14
21
11
16
13
20
23
15
22
16
12
15
28
18
17
16
15
20
14
18
20
18
25
14
20
15
11
17
16
12
26
16
18
13
9
19
28
18
28
16
22
16
30
16
19
15
23
16
2
22
8
18
4
22
13
16
25
17
24
18
21
15
15
17
1
18
9
16
22
19
2
16
5
22
2
18
15
21
9
18
18
16
15
19
5
18
3
19
5
18
20
18
12
16
30
16
12
21
1
20
2
22
12
18
14
22
2
19
28
17
2
16
10
19
30
19
21
22
10
20
25
19
22
17
25
16
9
20
27
15
3
17
23
17
5
20
16
22
22
17
18
17
8
17
21
16
6
17
6
23
15
19
5
23
23
17
5
18
30
19
6
17
9
21
3
20
13
18
21
20
27
17
4
23
25
21
26
22
3
19
15
21
22
20
19
21
10
20
1
19
24
21
20
17
10
19
18
24
3
23
5
24
29
19
28
23
16
20
6
21
13
17
22
21
10
21
3
23
22
21
4
21
28
19
24
21
18
22
3
17
27
18
9
19
13
22
9
23
30
18
14
19
20
21
30
17
13
19
7
24
28
21
13
24
15
18
23
19
2
20
7
18
14
22
28
21
24
19
7
23
6
18
8
24
22
23
14
23
2
22
14
23
10
21
8
24
30
21
25
21
30
23
3
19
14
20
6
25
8
24
4
26
27
22
10
25
6
24
10
24
24
22
5
24
2
24
29
24
11
23
30
22
16
20
17
27
4
24
13
21
12
22
1
20
30
23
20
24
20
19
21
26
12
23
14
25
8
22
20
26
5
23
17
26
22
21
8
21
26
21
30
19
7
25
5
23
28
20
11
25
12
21
27
25
10
24
5
24
23
24
20
24
14
24
4
25
26
24
17
22
2
25
14
24
26
22
9
26
28
26
13
28
14
23
19
27
26
27
29
25
26
27
14
25
8
25
16
25
26
28
17
23
7
21
19
28
21
25
26
22
30
24
16
25
26
24
29
25
1
21
2
27
9
25
8
27
28
25
18
28
10
24
10
27
12
25
6
26
10
23
26
22
12
26
19
24
30
21
24
27
10
24
20
26
30
26
27
25
28
25
19
27
26
25
23
26
28
25
24
23
12
26
21
25
17
23
23
27
12
27
7
29
26
28
18
29
17
28
23
27
6
29
27
26
20
26
27
26
27
29
28
26
18
23
10
29
28
29
30
23
19
25
15
26
6
27
21
26
13
24
11
28
24
26
6
28
12
27
11
29
30
26
20
28
28
26
11
27
29
27
1
23
28
29
6
26
1
23
6
28
25
26
1
29
7
28
29
28
27
29
5
28
5
27
22
28
22
27
30
26
19
27
27
26
9
25
22
29
25
29
18
30
7
30
21
30
25
29
5
30
20
30
8
29
3
28
8
30
25
30
12
27
29
30
23
30
14
30
14
24
9
28
22
27
16
29
30
27
4
29
30
29
7
29
26
29
21
30
12
30
14
27
15
29
9
27
22
29
25
28
14
24
5
30
27
29
4
26
5
29
22
30
15
30
9
29
19
30
16
30
1
30
8
29
29
30
7
29
28
27
13
29
9
28
21
27
16
30
5
30
