%%MatrixMarKet matrix arrary real general
100 200
107
1
74
1
68
1
235
2
81
1
243
2
396
1
187
2
89
1
203
1
111
2
28
1
285
2
102
1
241
1
274
1
63
4
330
2
47
1
352
2
315
1
122
1
231
1
118
3
167
2
7
2
389
2
12
1
40
2
40
2
209
1
203
2
179
1
178
1
343
1
249
4
220
3
160
1
171
1
274
1
86
1
366
4
195
1
298
3
254
1
74
1
391
1
232
3
147
3
284
2
149
2
281
2
323
2
4
5
274
3
375
3
159
2
83
3
10
3
123
2
1
3
327
2
99
3
255
2
78
3
98
5
387
5
284
3
194
2
307
4
101
2
190
2
90
3
90
4
278
5
116
8
34
3
36
2
97
4
195
3
380
5
238
4
158
2
399
2
5
2
270
5
32
10
9
2
83
2
349
3
388
2
374
5
364
3
113
6
127
4
98
4
150
2
14
4
195
4
175
4
228
3
229
5
154
5
117
6
365
4
106
4
47
5
319
4
83
5
170
3
204
4
376
3
156
4
381
5
385
5
180
7
187
6
385
4
260
4
112
5
279
6
396
4
133
4
281
5
60
6
349
10
348
6
189
4
42
5
145
6
170
9
322
5
193
3
353
3
221
3
320
6
259
11
58
3
44
4
275
4
231
5
114
6
23
5
203
7
96
6
233
8
304
3
2
5
108
5
80
9
361
5
67
9
131
7
111
7
113
7
151
5
28
6
259
5
86
6
276
4
6
9
107
6
37
7
220
7
259
6
92
9
309
7
32
6
28
7
211
9
74
7
207
6
283
6
207
7
357
7
318
11
131
7
352
5
130
6
167
7
169
10
290
9
365
4
95
7
378
8
104
7
198
15
150
4
32
5
47
6
57
7
330
7
281
7
229
8
151
7
138
9
327
6
150
6
241
10
305
11
80
7
374
10
239
8
323
8
42
9
320
9
97
7
128
6
176
11
34
5
26
10
68
7
381
10
390
8
146
7
342
11
162
11
22
7
145
8
382
10
381
9
334
7
325
8
263
8
50
11
124
14
89
10
37
7
232
8
120
8
375
13
61
11
335
6
91
9
193
9
301
13
285
17
299
7
133
6
78
7
334
8
255
9
125
8
13
10
140
8
93
10
228
11
97
7
19
11
204
14
355
8
373
12
396
9
103
9
277
11
387
12
313
8
284
7
53
13
90
8
378
12
14
8
5
11
203
9
391
9
123
13
213
12
228
11
89
11
388
13
363
16
286
8
168
10
364
9
390
13
187
15
159
11
300
8
37
13
59
9
179
14
378
12
205
11
335
13
38
10
8
14
332
19
297
10
306
7
183
10
381
9
206
10
215
10
57
14
118
10
259
12
274
15
47
8
118
12
18
16
373
11
51
13
50
11
286
12
209
14
378
13
134
10
115
10
154
15
109
9
35
13
71
10
227
13
368
11
322
10
30
14
82
13
153
13
116
14
36
15
41
18
243
9
380
11
111
10
247
14
314
17
29
14
14
9
327
15
355
10
329
15
297
14
173
13
112
14
190
13
377
15
152
20
201
11
109
8
81
12
356
10
291
12
268
13
177
15
90
14
352
14
154
20
387
11
107
13
276
19
260
12
328
15
116
12
357
13
318
15
300
14
383
11
367
14
146
17
108
14
114
14
253
12
301
14
169
13
100
11
328
15
74
14
201
17
226
15
28
19
68
19
291
10
385
12
301
11
133
15
289
18
1
15
342
11
341
17
88
11
68
16
335
16
135
18
283
15
235
15
172
16
139
23
174
15
184
12
233
14
206
13
53
13
200
17
23
16
219
20
234
19
185
21
16
12
40
15
255
28
247
13
184
16
227
14
373
14
375
17
200
16
66
12
302
16
263
18
242
15
346
16
9
13
343
15
191
14
270
13
343
16
306
15
144
21
328
16
129
21
387
20
164
11
330
13
315
13
27
21
134
21
54
16
222
13
48
18
379
12
367
17
264
20
7
21
156
17
392
16
35
17
80
26
19
16
267
17
147
15
321
16
258
16
72
18
46
18
73
21
345
20
213
23
308
15
208
18
17
30
25
14
216
18
247
15
29
16
44
18
26
21
180
14
252
17
388
20
169
21
49
18
4
15
17
16
150
15
326
14
55
20
76
18
86
23
284
17
145
23
333
22
146
13
390
14
100
14
111
26
262
22
76
17
371
16
92
19
56
18
96
22
152
21
47
24
225
21
380
18
141
19
58
29
340
17
164
19
56
17
262
18
276
17
342
21
176
19
3
27
371
21
362
26
182
19
323
20
43
32
81
16
391
21
200
16
295
18
107
19
251
23
67
15
179
22
46
21
255
22
69
19
154
16
258
18
348
16
41
16
125
21
170
19
251
24
159
18
280
26
261
25
378
16
338
15
236
15
128
29
219
23
241
23
274
19
384
22
26
19
129
26
257
22
270
25
127
24
136
20
111
20
145
30
27
18
259
21
38
20
269
20
179
18
153
22
36
20
144
28
105
23
55
27
269
20
101
21
153
35
69
17
93
25
197
18
112
21
191
21
357
24
91
16
35
25
4
22
221
23
172
22
317
19
342
20
64
17
252
18
230
22
1
21
293
25
175
21
295
31
364
26
237
17
273
16
145
19
142
30
91
26
331
24
257
20
153
23
155
20
323
28
126
25
102
27
171
25
215
21
238
24
283
31
198
20
97
23
400
25
286
21
280
19
62
24
1
22
343
31
41
26
395
29
132
26
171
22
105
36
267
18
296
28
208
19
39
22
124
23
37
25
300
19
168
26
343
24
45
24
352
25
146
20
346
21
184
19
198
20
62
25
324
22
36
27
307
22
1
32
23
28
184
18
152
18
261
21
372
31
214
27
196
25
240
25
117
29
212
22
253
30
399
26
88
28
291
26
256
22
204
26
165
33
259
23
60
24
31
28
282
22
363
20
253
25
319
27
120
32
395
27
63
30
352
27
50
23
249
38
399
20
70
30
216
21
370
28
217
24
115
27
38
20
211
29
117
25
231
26
330
28
148
22
220
22
330
20
274
25
256
27
322
23
119
30
358
25
288
33
240
30
333
22
122
20
388
23
228
32
4
28
286
26
317
28
245
33
341
24
6
31
300
27
133
29
19
31
134
28
21
27
1
35
154
24
130
28
91
35
113
26
99
22
102
27
58
28
178
33
24
30
232
31
200
28
258
24
31
39
298
22
157
33
336
28
161
31
102
26
298
30
176
21
54
30
191
26
139
29
284
29
103
23
230
24
331
21
333
28
203
31
370
29
383
38
395
26
75
34
393
32
169
24
327
22
124
24
269
37
317
32
339
27
197
29
69
34
87
25
317
36
103
31
302
31
77
32
111
29
30
33
353
38
195
25
103
31
371
39
23
27
390
24
184
30
169
29
167
34
296
31
196
32
230
29
381
25
108
40
192
24
329
34
320
30
176
32
78
28
99
31
33
22
358
31
193
27
166
30
221
30
170
29
141
35
285
23
325
32
93
36
366
30
46
40
349
27
175
35
15
34
32
26
54
24
349
25
57
39
120
35
303
28
125
30
319
38
394
30
45
37
289
34
325
35
313
34
252
31
160
34
309
39
120
28
379
33
307
40
308
30
362
25
258
31
70
31
159
35
254
36
348
33
350
30
7
31
261
41
276
26
375
36
43
33
392
33
149
29
199
34
216
23
1
32
155
28
20
32
185
31
176
30
138
36
136
25
172
36
326
37
231
31
202
41
153
30
124
39
202
35
162
28
199
26
77
26
208
41
186
37
378
30
146
32
255
47
97
34
39
38
307
40
298
36
330
36
340
32
222
36
385
40
312
29
307
34
149
45
324
31
376
26
95
33
21
33
371
36
367
42
394
35
254
36
252
32
321
48
380
29
87
39
270
34
224
34
341
31
260
35
4
26
102
36
375
31
102
33
127
32
208
33
394
39
258
26
370
37
264
38
101
32
16
42
218
31
42
41
109
36
67
30
228
27
17
32
279
43
151
40
35
32
389
34
139
52
319
35
182
40
161
41
149
39
6
39
311
34
43
38
54
41
30
32
229
37
374
46
35
33
45
28
81
34
167
37
55
38
52
45
12
36
392
37
79
33
140
50
146
31
170
40
343
35
368
35
212
33
57
36
377
27
106
38
137
33
153
40
61
33
255
35
331
41
326
29
54
38
400
41
246
33
359
44
164
32
111
43
191
38
389
31
361
28
192
33
183
47
254
41
227
33
370
40
332
54
233
36
89
46
388
42
52
40
190
41
244
36
196
39
224
47
131
33
318
41
37
49
377
36
182
32
11
35
78
38
157
40
229
46
28
37
133
42
181
34
29
51
297
32
29
43
107
38
291
37
321
35
267
39
121
29
199
40
188
37
319
41
183
36
43
39
260
42
227
35
296
39
394
42
201
34
26
45
320
33
313
45
242
39
142
33
240
29
53
37
399
49
283
44
18
36
175
41
383
55
165
41
42
47
346
43
344
41
188
42
177
37
65
40
311
49
395
35
100
42
222
51
41
37
214
34
44
36
114
39
91
42
207
51
179
38
194
43
176
38
65
53
356
33
252
45
87
39
272
41
339
37
365
44
243
31
86
41
342
39
329
42
78
37
83
41
53
43
134
38
306
42
368
43
335
37
12
48
266
38
187
48
5
42
85
36
223
31
36
38
16
51
360
47
38
40
98
42
254
56
395
43
55
48
260
46
216
42
131
49
265
40
118
42
135
51
200
39
206
46
180
52
44
39
344
35
367
39
244
42
50
43
293
53
68
42
146
45
111
39
235
57
390
34
147
48
6
41
378
42
399
38
315
45
112
32
155
43
8
41
234
43
258
39
299
42
208
44
160
40
301
43
308
44
384
39
50
54
364
41
12
49
231
43
137
38
105
38
210
40
171
54
260
49
362
42
86
44
235
57
222
44
215
49
338
49
17
43
336
51
320
41
116
44
321
53
107
42
314
49
115
53
314
42
393
36
332
42
151
43
122
46
73
54
212
49
99
46
320
42
74
59
392
36
317
52
49
45
192
45
80
39
46
48
382
34
233
45
121
44
293
44
138
40
37
44
257
45
234
42
136
46
206
45
280
40
310
57
388
51
167
50
294
48
202
39
56
46
275
46
36
55
384
52
195
46
354
45
368
58
14
45
140
51
174
51
185
45
289
52
255
42
125
47
195
55
47
45
180
52
42
54
106
45
399
37
64
43
142
44
222
49
373
55
195
54
375
48
182
43
269
60
48
37
57
53
36
46
185
48
86
40
91
53
342
35
82
46
43
45
135
46
133
41
268
46
200
46
261
50
22
47
163
46
303
44
339
58
325
52
30
51
349
49
301
40
303
47
52
50
59
58
169
53
156
48
75
46
371
59
125
46
181
53
53
52
387
46
85
53
141
43
308
48
323
56
6
48
126
53
216
57
390
46
357
40
4
48
184
48
250
54
68
56
51
58
184
49
300
44
318
61
101
38
131
54
90
47
245
53
53
43
280
54
372
36
250
48
199
47
382
47
24
44
82
50
33
51
282
52
213
50
86
47
340
45
37
59
272
53
100
52
110
50
290
41
146
48
84
54
110
64
106
54
355
49
386
47
234
61
95
47
214
54
219
55
397
48
162
56
84
44
255
51
348
57
187
49
286
55
298
58
322
47
31
42
137
50
88
50
336
56
11
58
260
59
383
54
49
46
117
62
145
44
392
58
297
48
312
56
180
45
119
55
25
37
393
49
391
48
265
48
182
50
101
52
233
55
233
57
248
52
244
48
35
46
261
60
200
55
27
54
296
51
346
46
308
49
258
56
113
67
306
56
41
50
170
48
132
62
112
49
19
57
369
62
297
49
361
57
139
46
105
52
158
60
245
52
297
56
240
61
189
48
193
48
59
51
122
52
26
58
390
60
143
60
361
56
332
48
244
63
6
46
56
62
225
51
181
58
164
46
134
58
235
39
37
50
148
55
314
49
150
51
189
53
12
56
144
59
390
53
356
50
215
47
194
63
158
57
340
55
213
52
175
47
257
50
29
57
28
69
371
59
211
52
84
49
183
64
179
50
56
58
173
65
224
54
319
58
116
47
346
53
314
68
331
53
85
61
117
63
141
50
146
49
324
52
90
55
354
60
133
61
13
61
169
59
329
51
217
64
143
47
134
63
340
52
314
62
361
49
342
64
183
40
229
53
143
56
395
51
7
52
394
55
173
57
196
63
56
57
364
52
374
48
166
67
193
59
371
56
291
57
372
49
392
52
224
59
222
72
294
61
47
59
93
52
336
65
96
54
305
61
193
68
134
55
271
61
317
48
294
54
330
69
114
55
51
63
259
65
96
52
338
50
214
53
289
56
280
61
47
63
14
64
33
60
64
52
96
66
324
50
359
65
209
53
379
64
376
50
103
65
362
41
197
55
360
57
287
55
47
53
164
57
123
59
256
65
346
58
285
53
352
51
81
69
278
61
24
64
266
58
80
55
42
53
235
61
199
73
210
62
85
60
400
53
380
67
302
57
60
62
201
70
283
56
244
63
11
53
187
55
232
73
183
60
394
64
251
66
178
54
167
52
266
58
134
59
245
63
156
64
200
67
357
66
352
54
121
71
127
51
50
66
281
55
197
66
355
51
161
66
135
42
304
56
315
59
133
56
148
54
249
59
236
60
30
66
177
59
177
56
394
53
120
71
178
62
251
65
249
59
373
58
289
55
18
62
89
74
157
65
157
61
24
54
60
68
175
61
27
63
227
72
97
57
200
68
195
54
157
58
25
76
90
63
11
68
282
70
175
55
311
54
390
67
303
60
81
64
157
65
297
69
195
68
57
55
137
75
179
53
4
68
141
58
210
69
165
54
194
67
252
43
77
57
75
60
199
59
187
55
90
63
157
62
301
67
185
60
18
57
177
54
329
72
147
63
123
68
346
60
66
62
230
57
119
64
305
76
312
67
53
68
319
56
136
72
225
62
67
64
146
74
183
60
338
69
14
55
205
60
18
78
192
64
121
70
312
73
233
56
273
55
363
68
205
62
146
65
67
66
278
70
1
72
250
56
133
77
222
54
61
72
138
59
89
70
22
56
47
68
98
45
230
59
359
65
35
60
121
57
330
64
150
65
51
70
95
62
320
59
17
55
183
73
231
64
166
70
187
62
96
65
102
60
89
65
129
78
173
68
177
69
165
59
49
74
386
63
247
70
305
75
293
63
316
70
386
56
257
61
59
79
37
66
65
71
89
76
210
59
300
56
375
69
282
68
121
66
306
76
137
75
156
73
263
60
151
81
182
55
299
75
63
64
324
71
386
57
352
69
69
48
344
60
173
66
63
64
152
60
325
65
339
66
357
73
181
63
265
63
295
56
66
80
105
65
399
71
275
64
297
69
111
62
136
67
88
80
188
69
20
70
336
60
28
75
182
64
178
73
336
76
164
65
187
71
297
60
315
62
2
81
279
67
167
74
372
77
275
61
143
58
391
71
350
71
179
67
194
79
173
76
76
74
37
61
162
84
389
56
319
76
167
66
241
72
12
60
279
72
68
49
68
61
331
67
331
66
75
66
379
67
297
67
241
74
44
64
393
66
136
58
75
82
294
67
69
72
308
65
61
71
129
63
55
68
38
83
33
72
94
72
327
61
266
76
223
66
251
74
375
81
123
66
154
72
287
61
73
63
388
82
345
68
246
75
26
79
361
62
252
60
14
74
41
73
312
69
363
80
72
77
10
75
203
62
228
85
303
58
189
77
95
70
177
75
6
62
51
73
139
53
144
62
2
69
155
68
298
70
232
69
198
69
347
75
188
65
250
68
207
59
92
84
337
68
188
73
319
66
358
73
121
65
344
70
370
84
50
76
370
75
122
62
181
79
110
70
295
75
162
82
230
68
117
76
387
62
112
66
16
84
173
69
260
77
237
80
297
64
2
62
19
77
30
74
162
71
261
84
329
78
369
78
26
63
82
88
244
60
398
80
123
71
355
78
178
63
340
75
310
54
126
64
321
70
273
69
235
74
344
70
40
70
46
79
400
66
168
70
91
68
267
87
288
70
174
74
71
67
14
74
296
66
78
71
148
85
364
77
369
77
312
64
395
83
245
71
286
77
281
85
50
69
387
78
284
63
193
67
27
86
207
70
398
79
390
82
289
69
305
63
245
79
213
77
186
72
109
88
161
79
160
81
198
66
230
89
290
61
308
81
324
72
168
82
387
64
141
76
182
55
343
65
296
74
300
70
101
76
393
72
166
71
202
80
45
67
107
72
268
71
331
93
253
71
170
76
79
69
377
76
100
68
266
72
342
86
16
79
179
78
203
67
373
84
29
72
187
78
190
86
200
71
12
80
352
64
228
70
239
88
305
71
194
81
348
83
212
70
3
66
212
82
364
86
364
74
126
90
88
80
274
82
327
67
45
93
40
66
104
82
74
73
226
83
218
66
22
77
287
58
345
66
380
77
347
72
38
79
307
73
19
72
171
81
366
68
322
73
256
73
182
96
254
73
331
77
237
70
15
82
341
69
227
73
136
87
389
83
220
79
384
71
115
86
149
74
79
80
54
87
396
74
198
81
376
68
89
71
13
89
273
72
104
82
272
87
68
71
76
67
146
83
375
87
111
75
193
91
355
82
320
84
209
68
393
94
262
70
242
83
210
76
141
86
144
69
358
78
304
59
148
69
87
81
249
77
93
82
140
74
275
74
312
82
110
69
316
74
267
75
246
97
88
75
236
78
122
75
20
83
386
72
253
74
385
90
285
85
382
80
236
72
119
87
13
77
65
81
385
88
100
78
142
82
345
69
113
72
85
90
248
73
148
86
55
88
358
72
329
68
86
84
321
89
18
76
240
94
176
83
185
87
219
69
136
97
387
71
55
86
75
78
3
88
362
73
277
79
165
61
269
71
273
88
181
79
21
83
142
75
31
75
223
83
275
73
122
75
290
77
164
98
79
77
94
80
184
76
186
84
64
75
350
75
45
93
335
86
140
82
140
73
25
88
100
78
91
82
357
89
332
81
216
86
130
70
348
75
269
91
12
74
270
90
112
90
336
73
221
69
76
87
173
92
369
78
196
96
247
84
80
88
76
70
166
101
296
72
354
89
102
79
338
90
294
74
252
80
288
63
325
72
346
91
100
80
90
85
212
76
218
77
37
84
330
80
370
77
271
78
35
99
333
78
214
83
236
77
102
88
288
76
170
76
257
94
101
87
102
83
153
74
221
90
158
81
18
86
139
90
119
85
23
87
272
71
338
77
141
92
170
77
26
92
327
92
67
74
137
72
158
89
189
94
47
84
123
97
22
85
266
89
202
73
131
102
233
73
107
95
283
80
87
91
85
75
383
81
138
64
104
73
259
92
83
81
380
86
191
79
83
79
346
85
165
81
150
81
228
79
18
101
122
80
14
84
347
81
156
91
30
78
135
81
91
95
303
88
368
86
156
77
1
91
367
84
265
90
273
92
51
87
365
89
251
73
265
79
327
93
208
79
366
94
64
95
331
77
157
73
339
90
399
96
257
85
83
99
133
91
101
91
294
80
301
110
281
74
42
97
62
82
203
92
297
77
29
83
272
70
178
76
205
93
6
82
177
89
350
80
347
81
151
86
360
82
135
82
89
83
311
102
54
81
159
85
185
84
179
93
103
80
98
83
203
96
239
89
45
87
96
78
354
96
278
85
151
94
50
93
220
91
357
90
298
74
59
80
377
96
36
80
205
98
99
96
353
78
14
75
276
91
237
97
212
86
78
100
215
92
188
94
77
81
100
111
198
76
59
99
204
84
65
96
389
79
336
87
156
72
313
78
64
94
261
85
234
91
373
81
216
82
162
87
93
87
24
84
197
85
10
103
180
82
378
86
388
86
5
94
237
85
79
85
266
97
300
90
289
93
3
91
244
99
174
86
245
97
192
94
137
92
238
92
168
77
181
81
211
97
383
81
80
101
145
98
188
79
348
77
37
92
99
100
194
87
283
102
335
93
278
96
99
85
34
112
189
83
337
100
150
88
396
97
331
83
349
88
322
73
123
90
141
95
89
87
118
92
301
85
228
87
198
88
123
89
153
85
84
86
79
104
179
84
273
88
54
89
89
101
280
86
16
86
200
99
355
93
191
96
104
94
27
100
65
91
261
98
295
96
273
93
50
93
300
80
330
82
284
98
177
82
316
105
337
100
380
80
154
78
128
97
63
102
153
88
177
103
131
94
259
98
302
87
20
113
358
84
283
101
96
89
30
98
196
84
294
89
114
74
94
91
72
96
58
88
307
94
34
89
327
88
76
89
153
92
276
88
92
88
174
106
236
91
155
90
226
90
68
103
276
89
27
87
102
100
249
94
314
97
258
95
309
101
246
92
395
100
79
98
384
95
241
94
192
81
225
83
83
99
276
86
146
106
71
101
168
81
340
79
38
98
158
103
205
89
15
104
73
96
55
100
272
89
388
115
9
88
346
109
17
92
320
100
270
87
42
92
30
75
181
92
292
98
7
92
226
95
135
91
380
89
139
93
117
96
329
89
338
93
89
107
306
92
229
91
37
92
53
105
44
91
140
93
351
101
227
97
168
98
271
101
340
103
279
93
275
101
371
104
240
96
28
96
319
85
383
87
4
100
41
88
387
110
48
102
171
82
315
82
176
100
91
104
361
93
336
113
235
97
177
102
348
91
338
116
169
90
124
110
37
94
315
101
25
90
150
94
289
76
63
93
240
99
172
95
5
96
17
93
117
91
77
96
266
99
104
90
377
94
47
108
69
94
265
95
273
94
391
106
132
92
129
96
250
103
119
98
57
99
89
103
390
104
98
94
7
102
341
105
359
98
344
97
113
87
375
88
383
103
182
89
195
112
380
103
296
84
226
83
16
101
105
106
310
94
369
118
340
100
272
104
127
92
368
119
258
91
177
111
111
97
255
105
280
92
203
95
317
77
338
98
397
100
37
96
370
97
54
95
390
93
268
97
298
101
69
91
98
95
239
110
56
95
143
99
145
95
104
107
379
93
91
97
20
107
215
100
393
100
22
107
212
105
329
101
160
103
272
107
202
101
234
98
132
88
78
91
272
108
287
94
142
113
367
104
370
85
342
84
254
104
172
107
117
95
129
120
356
101
252
105
346
93
252
120
365
92
285
112
282
98
199
106
223
94
347
98
340
79
374
99
328
101
282
101
293
98
272
96
239
94
242
98
4
102
279
94
195
96
256
111
44
98
231
102
306
96
92
112
265
96
370
102
252
108
253
102
379
106
202
109
228
106
58
102
110
104
23
108
327
106
317
99
72
92
211
92
278
110
296
95
115
114
202
105
255
87
218
85
46
105
174
108
397
98
48
124
301
103
208
106
142
95
283
122
168
93
3
115
81
104
137
107
135
95
43
101
201
80
47
103
349
102
125
107
176
99
139
97
196
95
78
99
234
103
367
96
307
97
9
113
247
99
25
103
271
97
249
113
175
98
162
103
48
109
64
103
39
108
366
113
162
109
48
105
186
106
284
110
208
107
274
100
385
93
336
95
114
111
136
96
384
116
269
106
367
89
117
86
135
106
5
110
172
99
69
127
66
104
353
107
349
96
349
124
301
94
6
116
361
105
261
108
198
96
117
102
370
81
24
109
381
104
327
111
209
100
127
98
139
96
53
101
250
104
190
101
42
100
94
116
252
101
364
104
227
100
242
114
286
104
299
104
253
112
213
107
296
109
286
114
250
111
380
107
134
109
333
111
212
108
110
101
394
94
260
97
256
115
277
105
292
119
109
108
238
90
122
87
248
109
25
112
221
100
315
130
270
105
240
109
153
97
268
128
153
95
238
117
306
108
375
118
381
98
169
108
270
83
51
110
358
105
86
112
149
102
147
102
26
98
323
103
268
105
298
103
191
103
51
117
157
104
96
105
220
102
209
116
106
107
163
106
285
115
30
109
56
111
256
115
71
116
104
108
345
111
245
112
252
109
65
103
240
95
10
99
186
116
366
109
134
122
19
113
76
91
139
88
29
110
353
115
68
101
121
131
19
106
310
111
143
98
223
130
85
96
323
119
345
109
281
119
380
100
286
109
218
85
120
112
312
111
165
113
109
103
112
105
358
101
4
105
327
106
116
105
81
104
275
118
102
106
363
106
289
103
132
117
287
108
244
108
172
116
81
110
201
112
364
116
216
118
144
109
228
113
122
113
241
110
382
105
133
97
344
100
134
117
303
111
174
123
381
114
290
92
370
89
294
112
235
116
185
102
169
132
16
107
108
113
265
100
104
132
391
97
96
120
293
110
284
120
323
105
343
110
251
88
352
114
84
112
67
116
77
104
192
106
8
103
278
106
86
107
294
106
209
105
157
121
341
107
44
108
46
105
64
118
309
109
190
110
382
117
25
111
219
114
17
117
174
120
27
111
176
114
7
114
339
111
107
109
246
98
368
103
177
118
85
112
381
124
219
116
34
98
358
92
162
115
306
119
196
103
398
136
4
112
17
114
254
105
125
135
35
99
399
122
315
112
146
121
132
108
311
112
394
92
97
116
371
113
202
118
153
105
336
108
370
104
36
111
315
108
220
108
382
107
156
122
46
108
177
109
305
106
222
120
7
110
345
112
42
118
282
113
300
116
360
118
170
122
306
114
235
116
1
115
104
113
136
111
389
99
29
106
9
119
358
115
243
125
285
118
397
101
259
93
130
116
196
120
385
104
221
137
211
113
251
116
378
106
147
138
109
102
271
127
163
113
61
123
88
111
316
113
57
93
376
117
228
115
159
119
142
106
346
111
50
105
119
113
216
113
355
109
224
109
137
124
23
109
3
113
83
108
274
121
88
112
157
120
44
119
400
114
311
117
134
120
178
124
37
115
147
117
288
116
12
114
140
113
346
103
267
107
7
120
300
117
15
128
268
120
387
102
233
94
85
118
322
123
320
105
29
139
9
115
267
117
295
110
247
139
178
105
340
129
77
114
60
124
89
114
152
114
65
96
122
119
257
116
161
120
280
107
197
115
353
106
271
114
267
114
271
110
65
111
19
126
303
110
158
115
223
111
386
124
362
113
101
123
188
120
321
115
360
118
76
123
283
126
28
116
356
119
298
117
14
115
102
114
384
104
350
108
126
122
212
118
350
129
189
121
58
105
59
96
197
119
143
125
44
107
44
140
7
116
329
119
317
113
181
142
227
108
210
132
44
117
306
126
68
116
385
118
345
99
8
121
221
119
137
126
56
110
220
117
80
109
27
115
280
116
201
111
371
112
14
127
206
111
93
116
80
113
21
126
194
114
60
127
63
122
378
118
215
120
65
124
192
128
203
119
166
124
234
118
67
120
301
115
218
110
379
109
372
124
394
123
76
135
11
126
14
107
90
103
75
120
345
126
198
108
264
143
175
117
249
124
356
116
399
146
139
111
243
135
355
124
254
127
47
117
74
120
94
100
294
124
49
122
173
127
398
112
281
120
34
110
180
117
94
118
280
112
25
113
85
130
167
114
8
118
24
114
50
127
307
116
51
128
46
123
327
123
358
121
50
127
51
131
290
122
378
127
327
120
16
122
46
116
253
114
276
110
341
125
99
125
38
138
86
129
344
109
176
104
222
122
47
127
92
109
122
145
147
118
153
126
286
120
91
148
311
115
262
136
278
125
191
128
213
119
86
124
392
101
318
129
62
124
11
128
46
113
382
122
169
111
342
122
362
119
376
113
41
114
62
131
318
119
141
120
12
115
240
128
99
117
166
131
40
126
82
125
150
122
58
128
142
133
15
123
34
128
270
130
321
124
73
120
356
115
362
115
218
130
355
130
99
140
344
130
164
111
230
105
327
123
161
130
192
110
81
146
234
119
193
127
131
121
197
155
100
117
301
137
20
128
25
129
59
120
307
125
171
103
339
130
109
125
39
129
256
115
387
123
195
114
216
123
338
122
323
120
210
119
227
132
198
120
37
121
313
117
115
129
137
118
376
132
81
130
24
127
154
123
381
129
53
134
33
124
332
130
45
131
288
125
228
122
76
117
389
117
248
132
330
132
10
141
94
132
366
112
334
107
189
127
128
131
258
114
216
148
369
120
136
129
363
122
348
156
156
118
212
138
272
129
289
130
293
121
233
127
259
104
282
132
127
126
344
131
59
116
332
124
271
115
126
124
170
125
187
121
57
120
197
135
118
123
320
127
116
119
35
130
183
119
95
133
104
132
287
129
58
124
326
130
190
135
247
126
268
132
348
132
190
128
300
123
294
118
76
121
102
133
250
133
333
143
34
134
51
116
257
108
229
129
344
132
80
115
208
149
189
122
359
130
2
123
67
157
113
119
88
139
377
130
308
131
334
123
209
128
234
105
219
133
23
129
134
132
196
119
188
125
212
116
153
125
245
126
372
126
50
121
336
138
332
125
17
130
317
120
224
131
123
125
44
134
229
134
238
130
347
125
55
131
121
143
191
128
188
133
66
133
301
130
327
124
39
123
386
123
187
143
266
134
240
144
175
137
341
119
191
111
183
131
164
135
5
116
37
153
95
123
398
134
45
124
198
158
219
120
289
140
258
132
76
132
332
126
41
129
373
106
21
134
287
130
281
136
253
120
99
128
118
119
206
129
312
127
159
128
64
122
210
139
242
126
316
131
172
121
350
133
43
126
246
137
209
139
158
131
326
127
216
132
173
144
258
130
259
135
71
137
132
138
38
125
299
125
313
124
250
147
397
138
338
145
74
139
247
120
286
112
371
133
311
139
59
119
106
154
39
125
307
137
216
125
44
161
87
121
379
143
103
136
211
134
299
127
205
131
221
110
18
135
352
132
390
138
62
123
352
129
152
120
43
131
318
128
40
130
193
124
257
140
195
129
359
133
45
125
302
134
398
128
105
138
282
140
353
132
273
129
68
135
257
145
205
131
279
136
393
138
319
139
219
126
107
127
56
127
181
148
100
139
132
147
172
140
229
121
64
113
132
134
316
140
348
123
40
155
192
127
326
141
277
126
13
163
160
123
130
144
257
137
24
136
358
128
49
132
157
111
74
138
190
134
192
141
20
124
48
130
100
124
372
132
397
130
58
131
389
127
294
142
335
130
290
136
274
126
99
139
36
130
313
139
158
141
60
133
359
133
387
136
172
147
162
132
52
139
283
143
263
140
167
128
144
128
86
128
138
149
103
140
296
149
309
141
184
123
91
118
319
136
26
141
355
124
111
158
272
128
400
142
104
128
243
164
256
129
154
146
181
139
172
138
372
129
330
135
161
113
44
139
110
136
150
142
166
126
251
131
29
125
286
133
111
132
152
132
110
128
105
145
363
131
197
137
367
127
374
141
318
131
323
141
299
146
218
135
185
134
99
138
214
151
67
133
374
141
37
144
305
142
378
129
344
129
114
129
282
150
393
143
367
150
97
144
142
124
391
119
341
140
201
146
319
125
174
159
47
129
201
147
74
129
21
165
28
131
73
148
121
140
268
140
309
130
290
140
379
117
298
140
171
138
28
143
64
129
118
132
131
126
222
135
277
134
51
134
26
129
15
146
275
132
46
138
316
128
52
143
140
135
248
143
215
147
51
139
115
135
155
139
140
152
399
134
177
142
312
145
357
143
255
130
363
131
272
138
207
151
175
145
29
151
136
148
342
126
231
121
41
143
183
150
77
126
280
161
349
130
172
148
86
130
46
167
364
132
22
149
31
142
322
144
379
134
28
142
141
118
105
141
392
139
73
146
206
130
364
133
143
127
138
137
302
137
34
138
200
132
326
147
302
134
190
139
358
129
345
144
329
136
161
147
82
149
5
143
204
136
111
142
98
154
328
135
44
143
136
147
145
146
18
133
30
135
49
140
24
153
362
146
47
153
296
150
75
129
80
123
201
144
335
152
378
128
128
164
46
132
296
149
144
133
313
169
112
134
91
150
251
144
114
149
356
136
144
143
95
122
220
142
52
142
25
147
227
131
104
134
90
128
120
142
225
138
202
139
108
134
281
148
12
135
11
140
173
132
70
147
189
141
47
148
289
152
274
144
276
137
291
143
39
155
318
136
148
145
277
151
303
147
343
135
328
137
45
142
183
154
327
147
48
155
241
151
94
130
15
124
160
147
248
154
220
129
2
165
166
135
34
151
9
134
168
171
277
136
103
151
330
145
208
150
237
139
179
147
198
125
164
145
63
144
176
148
141
132
236
137
97
133
248
143
358
141
148
140
261
135
114
149
265
136
134
144
176
133
263
148
258
143
66
150
341
154
195
146
338
138
179
144
294
156
362
137
92
146
84
153
99
148
106
144
160
138
25
146
174
155
102
148
20
156
262
153
11
132
47
125
196
148
9
155
256
131
134
166
62
136
270
152
16
137
328
172
114
137
14
152
375
147
135
152
52
140
242
148
276
126
263
146
213
145
211
151
140
134
200
138
122
134
395
146
133
142
232
142
72
138
362
150
392
137
60
149
318
136
172
149
297
144
1
151
25
156
161
147
246
139
377
145
82
157
193
138
21
149
149
156
103
151
381
145
179
142
289
147
106
156
8
149
18
157
24
156
382
133
71
126
283
149
179
156
327
133
320
175
81
138
67
154
151
139
374
176
110
138
369
156
316
148
330
153
330
142
138
149
204
128
330
147
274
147
353
158
67
136
126
144
354
140
356
147
223
143
157
143
265
139
394
151
287
138
380
150
330
137
29
152
167
145
325
152
255
160
29
148
386
141
83
147
26
161
335
141
66
150
10
157
163
153
295
146
267
143
295
153
70
157
361
151
189
158
226
157
88
134
359
128
297
150
145
157
307
135
348
179
264
140
86
155
304
140
25
178
338
142
60
158
168
149
269
154
8
145
309
155
44
129
79
151
68
149
13
160
355
139
386
151
132
142
130
148
332
144
398
144
67
140
34
154
3
141
292
151
174
138
271
154
359
148
379
154
75
161
179
150
245
142
335
148
9
163
230
142
43
152
349
158
181
154
389
147
90
145
190
155
170
159
314
155
45
160
195
158
291
135
65
129
305
152
178
159
30
138
125
181
197
142
120
157
340
149
316
179
331
144
246
159
179
152
225
155
335
146
391
156
185
131
200
152
40
150
178
162
175
143
310
153
305
145
375
152
376
145
32
146
165
141
52
155
29
142
126
153
384
139
111
157
79
149
109
159
151
164
164
152
130
143
106
150
94
166
129
143
392
154
73
159
299
155
75
152
147
148
132
156
121
161
396
156
330
161
257
159
278
136
234
131
20
157
163
160
305
139
237
183
90
144
198
158
35
150
49
182
395
147
94
161
54
153
104
156
13
147
327
158
144
132
154
153
208
151
121
163
88
146
256
157
63
146
294
154
85
147
198
147
169
143
237
158
90
148
365
157
299
140
43
158
261
150
184
160
329
170
293
153
361
144
208
152
291
171
320
146
85
157
242
165
351
159
400
153
308
149
237
158
380
163
275
157
14
162
122
160
242
137
364
134
264
161
378
166
314
141
82
184
225
148
18
159
59
154
214
183
126
148
345
162
364
156
143
158
227
148
301
159
142
136
332
156
323
158
311
167
108
151
227
158
369
148
205
156
76
149
117
151
28
145
185
160
377
149
160
161
397
144
34
159
73
153
264
164
274
173
342
154
88
145
351
154
20
175
285
148
337
161
38
166
23
160
217
155
196
151
1
159
281
164
385
158
219
163
391
163
40
138
349
135
28
163
49
168
333
145
303
185
50
151
244
165
14
155
309
184
251
151
334
164
254
157
85
162
143
150
18
160
350
137
327
160
368
160
359
171
356
154
51
160
64
151
164
157
31
150
124
154
87
146
351
161
387
150
360
162
324
146
136
160
191
154
12
165
377
175
297
155
253
146
87
158
3
177
1
151
23
162
123
167
76
161
158
157
79
155
22
161
263
166
54
159
27
166
260
166
63
139
166
136
331
164
136
171
193
147
317
186
230
152
93
166
160
156
211
185
309
152
384
166
242
158
43
163
101
151
97
162
388
140
280
161
120
161
346
177
71
155
262
161
209
153
208
165
239
152
391
156
262
147
190
163
399
151
87
164
322
149
87
163
299
155
231
168
398
177
233
156
312
148
224
160
70
179
31
152
105
163
398
169
388
162
137
159
82
157
251
162
101
167
93
161
197
168
220
169
29
140
1
138
107
165
331
180
52
148
300
187
24
153
202
168
354
158
308
186
140
157
113
167
329
159
292
164
301
152
61
163
285
143
206
162
326
162
397
182
17
156
174
162
373
154
107
166
206
154
381
161
380
150
243
167
184
152
67
165
168
151
347
166
389
156
169
171
193
178
48
159
8
149
226
161
213
180
52
156
153
164
171
172
322
165
79
163
112
158
248
163
197
168
352
162
78
170
292
170
373
144
187
140
311
166
138
182
392
150
248
188
168
155
220
171
6
159
174
188
398
161
215
168
372
161
227
165
263
155
32
165
281
147
217
165
140
164
149
184
159
160
341
163
144
155
44
167
284
156
189
162
3
151
352
169
280
155
286
168
337
154
75
167
33
157
39
172
391
179
191
160
209
153
356
162
7
182
389
157
125
165
374
175
347
166
312
165
222
161
230
165
210
169
213
164
22
172
281
171
349
145
51
141
293
168
358
185
379
152
114
190
191
156
373
174
360
162
6
190
128
164
8
169
332
162
182
166
342
157
398
168
78
148
380
166
7
166
71
185
162
161
40
165
393
158
207
170
244
157
312
165
118
153
317
170
310
156
20
169
21
155
227
168
371
165
361
177
166
181
149
162
126
155
195
163
265
184
280
160
198
172
170
177
393
167
88
166
166
164
120
166
386
171
215
165
363
173
199
173
200
147
115
142
108
169
117
186
22
155
362
192
146
157
121
175
178
164
109
191
104
165
128
171
3
164
381
169
30
158
249
170
236
151
397
167
183
167
198
186
367
163
77
166
135
159
141
172
265
158
286
166
230
154
188
172
373
160
299
173
334
156
54
170
266
169
69
178
19
182
128
163
216
160
349
164
114
185
253
161
108
174
3
178
318
169
62
169
176
170
398
169
42
175
98
166
209
175
27
174
392
148
205
145
223
171
85
187
231
156
49
195
397
158
163
176
65
165
149
192
240
167
64
172
302
165
394
173
384
160
107
173
123
152
400
169
73
169
65
187
379
164
228
167
226
161
322
174
314
162
319
167
133
155
214
173
85
162
225
176
152
157
245
171
262
171
116
182
256
184
273
165
292
162
196
169
108
187
361
166
12
175
56
180
346
171
4
170
337
171
93
173
36
178
339
167
361
176
310
176
158
149
246
148
57
172
343
190
365
158
344
197
139
159
40
178
338
166
173
193
64
170
270
174
265
170
19
175
16
161
157
177
375
154
88
170
135
170
354
190
377
167
380
175
187
162
279
176
287
163
346
170
391
160
255
175
329
166
374
180
169
158
241
176
32
173
394
183
241
185
221
167
151
163
313
172
149
189
321
168
207
180
168
181
323
174
11
172
369
172
164
174
77
179
172
168
231
177
249
177
323
150
178
149
49
173
64
191
113
163
189
199
345
160
338
179
227
168
7
194
224
173
306
175
400
171
15
178
305
162
136
180
354
155
125
174
204
174
251
191
382
168
18
178
298
165
391
178
51
164
115
171
279
161
264
176
345
169
398
182
131
161
306
177
51
174
80
185
98
187
275
168
344
164
151
173
302
191
340
171
212
184
142
182
201
175
364
174
66
173
235
176
298
180
252
169
117
182
135
182
339
152
74
150
317
174
263
193
215
164
144
200
261
163
173
180
336
169
1
196
39
174
102
178
155
172
310
179
246
169
176
181
239
162
355
177
34
179
348
193
341
169
275
180
130
167
56
182
348
168
331
172
181
164
123
177
258
170
343
183
72
162
325
178
295
178
276
186
125
190
240
170
132
165
284
177
240
193
314
172
393
189
340
183
367
176
239
175
189
174
3
179
52
182
308
176
62
185
277
184
97
154
29
152
361
177
355
195
130
166
357
201
400
164
297
181
71
170
324
199
77
176
365
181
199
173
393
180
368
170
187
182
109
163
228
183
299
181
52
194
254
170
119
184
334
170
31
187
115
169
83
173
353
166
141
181
115
171
47
184
307
163
264
180
35
179
125
188
245
191
322
171
21
166
200
178
24
196
272
173
71
190
60
184
250
182
141
176
269
175
326
180
8
184
203
178
73
186
22
185
284
155
27
153
66
178
310
197
240
168
291
202
98
165
143
186
365
173
330
200
45
177
106
182
287
174
360
183
357
173
230
183
130
164
80
184
278
182
53
195
321
173
32
186
311
171
91
189
249
171
54
174
337
168
65
184
352
172
16
185
205
164
363
181
82
181
396
189
174
195
284
172
152
167
81
182
146
197
194
177
123
191
268
185
191
184
149
179
314
180
134
183
43
185
262
179
303
190
250
186
60
156
95
155
70
179
284
199
132
170
342
205
259
167
167
189
274
174
201
206
75
181
303
183
4
177
344
184
222
174
71
184
107
166
342
186
131
184
152
196
393
174
209
187
73
176
6
190
278
175
349
175
325
171
216
186
143
177
381
186
180
165
310
182
17
182
391
191
150
196
121
174
44
171
26
183
320
200
117
178
358
192
17
186
243
186
251
181
242
181
194
185
208
188
342
180
247
191
203
187
374
159
207
156
218
180
354
200
177
174
112
206
56
172
35
190
370
175
215
207
19
184
123
185
83
182
40
186
104
177
38
185
3
168
222
189
320
185
220
200
237
180
334
190
290
177
41
192
351
176
257
176
229
172
199
187
263
181
92
189
44
166
355
185
59
184
230
193
68
197
339
175
252
173
233
184
375
201
42
180
293
193
99
187
105
188
259
182
167
182
247
186
293
189
230
181
102
193
318
188
241
160
321
158
194
182
81
202
232
176
337
209
373
177
71
191
259
177
213
208
357
186
118
186
135
184
167
187
58
179
121
188
319
169
326
190
50
189
183
201
353
181
322
193
48
178
58
193
40
178
169
181
296
173
328
192
222
185
250
191
215
167
135
187
166
185
287
194
189
201
95
177
13
175
304
186
164
203
176
185
126
194
39
188
368
189
173
183
146
183
167
188
131
190
51
186
159
196
291
190
165
161
326
159
322
186
129
204
272
181
278
210
252
178
187
192
292
179
256
212
270
191
173
188
255
186
84
190
122
181
137
192
56
172
180
193
295
192
338
204
147
186
113
194
400
179
246
194
29
179
196
184
123
175
90
193
368
186
317
193
230
170
19
188
350
186
34
198
192
202
266
178
295
178
228
187
125
204
201
186
167
195
102
191
9
192
10
184
249
184
329
189
318
191
241
188
212
198
336
192
24
166
287
162
117
190
188
206
248
187
3
211
385
181
139
196
119
180
234
216
239
195
142
190
267
187
109
194
99
183
296
196
222
173
188
194
30
194
117
205
249
193
177
195
9
180
224
195
288
182
219
185
125
178
29
195
244
187
249
196
292
171
193
189
151
187
142
200
3
205
9
181
205
180
6
193
81
205
82
189
2
200
83
197
77
194
297
186
263
185
302
191
265
192
316
189
345
199
398
196
151
167
284
165
124
193
98
207
112
188
6
212
111
182
260
197
152
183
15
218
351
199
327
191
382
188
26
196
249
184
133
197
175
177
67
195
222
195
335
206
73
194
152
196
399
182
376
197
374
187
78
186
188
182
191
196
390
188
266
200
40
179
269
191
101
188
179
202
121
207
122
182
103
183
15
198
50
206
304
190
24
202
19
198
62
195
252
189
169
186
259
192
294
193
153
191
369
200
111
197
359
169
224
171
9
198
124
210
311
189
59
217
89
184
52
204
287
184
90
219
341
203
322
193
99
190
233
198
72
186
154
201
361
178
185
196
341
196
76
208
233
197
234
198
186
188
219
199
232
189
218
191
373
189
370
198
276
189
258
201
198
181
37
192
212
193
382
203
194
210
381
183
193
186
337
199
148
207
16
192
213
205
80
200
294
197
66
191
163
191
365
195
50
194
59
193
250
201
59
198
376
170
102
172
94
199
297
212
266
191
173
218
311
187
231
207
102
185
22
222
125
205
381
194
93
191
328
201
190
187
202
206
108
186
143
198
168
197
164
209
338
198
363
199
246
189
3
200
324
191
137
193
208
190
377
200
60
190
230
202
391
182
352
194
161
195
31
205
323
211
348
190
291
190
126
201
186
208
23
196
262
206
121
202
19
198
247
193
27
202
334
200
199
196
26
194
391
202
60
200
287
173
327
174
348
205
251
216
268
195
33
219
71
190
125
210
289
186
245
225
245
206
35
195
56
192
11
202
322
188
174
207
249
187
308
202
362
198
225
212
178
199
94
202
278
190
358
204
349
192
141
194
49
192
88
203
173
191
107
203
31
183
260
195
124
196
386
206
70
212
136
196
104
194
192
204
231
209
76
197
137
208
32
204
127
199
235
194
232
203
374
201
63
202
357
197
274
203
194
201
230
180
225
175
156
207
51
218
276
197
400
220
226
194
9
211
358
187
95
226
183
207
133
196
205
193
212
204
138
189
354
208
344
190
113
204
357
200
10
213
68
200
369
205
255
192
211
214
49
194
295
199
362
194
384
206
24
192
330
205
328
186
361
196
41
201
146
208
52
213
362
198
147
197
108
205
363
211
4
198
196
216
28
205
53
204
246
195
124
204
216
202
276
203
318
199
120
207
385
204
182
181
320
181
47
208
109
219
328
199
110
222
300
198
262
212
218
189
202
227
197
210
305
197
230
195
77
205
279
192
333
210
119
192
258
207
289
201
104
214
236
201
145
207
183
194
10
215
226
195
178
204
305
196
56
211
327
199
260
207
85
189
48
197
269
205
211
209
169
214
395
199
95
202
321
207
46
218
60
199
354
220
194
206
89
206
257
196
357
205
254
203
219
204
44
205
236
210
247
205
127
186
188
183
185
209
2
221
261
200
346
223
251
202
115
213
109
190
152
229
106
211
378
198
357
196
189
207
216
194
236
212
146
193
42
208
220
203
19
215
203
202
252
210
181
197
55
218
255
197
357
207
354
198
349
212
127
201
284
208
348
190
44
200
147
206
180
212
313
216
43
201
315
203
100
209
377
219
241
200
285
221
256
207
75
207
185
197
89
206
284
207
66
205
204
206
216
213
361
206
270
187
308
184
386
211
215
222
29
201
384
224
220
203
63
214
90
192
289
231
379
213
293
199
368
198
80
209
172
199
303
215
149
194
107
210
302
206
110
216
122
207
136
213
231
199
288
225
253
201
231
209
308
199
39
213
316
202
146
209
287
193
348
201
366
209
43
213
358
217
137
203
170
206
63
210
85
220
164
204
276
223
389
208
20
210
40
199
257
207
154
208
172
206
236
209
192
214
214
208
131
191
299
186
329
217
377
223
173
203
364
225
285
204
92
215
373
194
189
232
295
215
247
200
212
202
159
213
327
200
59
216
115
195
127
212
71
207
122
217
366
208
324
214
185
201
213
226
30
202
114
211
252
202
241
215
248
205
297
210
396
194
183
203
336
210
365
214
106
218
346
205
366
208
330
211
41
222
368
206
201
224
353
209
152
211
143
202
361
208
151
210
28
209
220
210
108
215
288
209
38
192
116
190
159
219
336
224
384
204
302
226
108
205
304
216
47
196
3
233
188
216
85
201
180
203
139
214
251
201
82
218
191
197
214
213
58
209
271
219
335
210
201
216
108
202
48
228
120
203
239
213
339
203
205
217
72
207
171
212
124
195
342
204
345
211
321
215
392
219
267
207
233
212
398
212
263
223
80
207
59
227
95
210
180
214
67
203
49
209
298
212
270
212
334
211
54
218
93
211
371
194
279
192
356
225
4
225
366
206
358
227
290
206
79
218
136
197
8
236
63
217
176
205
101
206
170
215
118
202
166
219
102
200
309
215
202
211
263
222
359
211
215
219
1
203
45
229
155
204
238
215
248
204
295
219
220
209
198
213
135
199
98
205
227
213
328
216
159
220
204
208
373
213
273
217
275
224
39
208
232
231
342
211
61
218
272
204
277
210
177
213
273
213
101
216
43
220
301
212
104
195
306
195
381
226
149
227
51
209
107
228
114
207
290
221
321
199
363
238
313
221
265
206
13
207
371
216
82
203
264
221
282
202
136
216
153
214
290
223
313
212
288
225
86
206
22
230
281
205
235
216
144
205
391
221
117
210
268
216
107
200
198
206
394
214
283
218
105
221
73
216
31
217
23
218
113
226
352
209
277
236
140
213
375
221
138
206
24
211
199
220
274
214
350
217
392
222
384
213
183
196
351
196
175
227
393
231
19
210
198
231
48
208
258
222
326
200
297
239
141
223
339
207
118
213
63
218
153
204
247
222
13
205
192
218
128
215
140
226
217
213
58
226
38
207
295
231
313
209
87
217
102
211
61
223
48
211
219
221
14
206
309
210
313
215
63
220
155
224
310
217
158
218
157
219
233
227
365
211
203
237
215
214
265
222
302
207
383
212
372
223
368
215
246
221
139
223
167
215
143
198
215
198
263
228
175
232
263
211
258
232
109
210
131
223
212
206
343
240
307
225
44
211
24
214
285
219
133
205
388
223
224
206
244
221
123
218
400
230
165
214
381
230
174
210
145
232
193
210
12
221
60
212
136
224
285
212
336
223
211
207
270
211
260
217
302
221
287
227
309
220
279
221
357
220
160
229
359
214
144
238
367
216
391
226
45
209
178
216
74
224
162
216
268
223
399
224
300
217
268
201
303
200
32
230
275
233
356
213
214
235
10
217
85
226
204
210
246
241
175
226
38
214
91
218
236
220
93
206
217
224
60
207
236
223
78
224
124
232
42
215
300
231
204
217
104
235
357
211
330
222
62
219
76
226
283
215
271
226
256
208
12
212
95
218
381
222
163
230
38
222
281
223
213
223
43
230
188
215
234
239
212
217
249
227
84
210
19
217
64
227
363
217
222
225
287
228
43
223
99
202
309
203
139
232
32
234
274
214
359
236
267
218
13
227
361
211
103
248
284
229
318
217
366
219
298
221
328
207
250
226
199
208
209
224
325
225
228
233
205
216
223
233
112
223
396
236
55
212
306
225
260
220
5
229
121
216
152
227
245
210
138
213
58
219
320
223
344
231
66
223
234
224
350
225
389
236
53
216
50
240
67
218
64
228
242
211
65
219
327
229
255
221
185
226
337
230
152
224
307
203
177
204
6
233
254
236
286
216
92
238
245
219
380
228
41
213
295
250
212
231
213
218
23
220
116
222
316
210
297
227
297
214
254
225
82
227
244
235
396
218
84
235
27
224
185
237
299
214
205
227
117
221
100
230
34
217
58
228
17
212
45
215
163
221
2
225
24
232
212
224
264
225
191
229
110
239
140
218
159
242
308
221
170
229
104
212
91
220
299
231
12
222
128
227
66
233
124
225
125
204
242
210
141
234
359
238
182
218
18
239
326
221
140
234
132
214
333
251
103
232
108
219
342
223
307
228
224
211
19
228
17
215
353
226
172
229
323
237
383
220
204
237
58
225
61
238
70
215
253
233
341
223
53
231
37
219
262
233
142
216
273
217
83
222
314
226
61
235
367
228
182
228
70
230
107
241
287
219
349
244
225
223
82
231
44
213
264
224
388
232
14
223
113
228
400
235
345
228
15
205
217
211
88
235
209
240
136
223
213
241
310
222
53
236
344
215
56
253
124
234
165
221
288
224
142
229
359
214
104
229
212
219
101
232
159
230
310
239
300
222
24
238
317
229
308
239
308
217
97
234
43
225
128
234
369
224
283
234
196
217
281
218
388
225
181
232
378
236
271
230
222
229
334
232
277
242
248
220
388
246
47
224
34
232
277
214
4
226
394
233
107
225
122
231
57
238
191
229
293
207
130
212
114
236
53
242
386
225
50
242
346
223
393
238
146
217
33
254
43
235
237
222
262
226
217
231
131
215
17
231
179
220
392
234
186
232
345
241
192
224
27
239
356
235
108
240
200
218
33
236
106
226
315
235
225
227
98
235
53
218
57
219
363
226
252
233
53
237
45
231
248
230
149
235
378
243
393
221
230
248
347
226
353
233
370
218
35
227
2
234
46
227
391
233
395
242
218
231
265
208
356
213
145
237
296
243
339
226
89
243
87
227
363
239
221
220
24
257
4
236
232
224
201
228
345
232
112
220
273
234
391
223
159
237
106
233
357
243
87
225
168
241
54
237
155
243
199
219
76
237
345
227
249
236
43
228
237
240
87
219
229
220
197
229
94
234
10
238
142
232
280
231
288
238
77
247
153
232
302
249
313
229
316
235
59
221
33
228
286
239
367
228
46
235
40
244
261
234
340
211
336
219
284
240
383
245
2
227
215
247
366
229
336
241
36
222
92
258
204
237
248
227
234
235
125
237
350
225
130
235
333
227
19
238
281
234
74
245
265
228
114
242
265
240
247
244
311
221
284
240
238
232
152
238
36
229
59
242
233
221
349
225
357
232
243
238
258
240
108
234
189
232
275
241
199
248
55
235
25
250
231
230
5
237
362
223
106
229
397
240
266
229
353
237
131
245
340
235
153
216
394
220
45
243
82
246
184
229
203
249
364
233
306
242
316
226
26
259
30
238
32
230
189
238
383
240
317
228
189
237
292
228
255
239
9
235
302
246
288
229
185
243
129
242
68
245
160
222
267
242
298
233
338
240
233
230
18
243
259
222
90
230
358
235
375
239
198
242
206
236
4
236
331
243
238
252
83
236
3
252
64
232
260
238
139
224
233
230
325
242
387
230
321
238
358
248
8
236
177
217
101
222
167
244
54
247
207
234
72
250
74
236
206
243
367
228
224
260
323
241
269
231
61
241
257
242
168
229
304
240
52
229
337
240
250
236
174
248
371
238
384
244
214
243
338
250
129
224
71
243
278
236
318
242
168
234
181
244
248
224
108
231
234
236
201
240
9
243
197
241
239
237
69
244
165
253
184
237
327
254
78
233
86
245
305
226
86
231
291
243
74
233
137
240
302
249
230
238
176
218
173
223
241
246
12
253
376
235
297
252
306
237
118
245
84
230
126
263
180
242
160
233
397
243
20
243
333
230
60
241
337
230
265
241
36
237
197
250
390
239
260
246
396
245
249
251
396
227
183
245
10
237
321
244
133
235
122
245
371
225
78
232
177
238
175
242
322
244
358
242
250
240
231
246
350
256
234
238
217
255
109
235
314
248
293
227
214
234
150
244
136
234
282
244
268
251
154
239
162
219
380
228
318
250
192
255
324
236
356
255
371
238
378
247
337
231
278
264
278
243
11
234
285
244
309
246
36
233
164
244
298
231
360
243
288
241
31
253
342
240
283
248
333
248
118
253
173
228
325
246
294
239
300
245
221
238
147
246
91
228
60
233
97
241
260
245
22
249
185
244
37
242
102
247
112
258
281
240
243
258
44
236
150
253
43
232
327
236
175
245
160
237
274
247
323
252
23
243
228
220
100
236
126
251
388
256
325
238
176
256
145
239
295
248
82
232
342
265
304
246
69
235
300
245
110
248
337
234
305
245
133
232
95
245
238
242
94
254
81
241
247
254
293
252
344
259
84
229
371
247
158
240
204
247
246
239
81
247
88
232
364
234
282
242
144
247
62
254
261
246
207
244
242
249
45
259
163
242
290
260
380
237
33
254
22
233
140
237
126
246
72
238
389
249
390
253
210
244
214
221
318
237
303
252
17
258
208
239
340
257
361
241
217
250
369
235
319
266
135
249
273
236
229
246
239
249
288
235
198
246
334
238
150
246
32
243
91
256
276
242
304
257
172
253
69
263
291
230
95
248
61
241
165
248
161
240
132
248
229
234
257
235
139
243
324
250
145
259
211
247
188
247
318
251
237
260
183
243
69
263
6
240
172
255
256
236
323
238
206
250
379
241
171
251
204
256
321
246
227
224
160
238
142
255
69
260
337
241
204
260
341
242
298
253
8
236
150
267
49
250
325
239
327
248
74
250
241
236
167
248
62
240
89
247
248
246
157
257
48
244
261
258
160
254
62
264
35
231
182
251
179
242
49
250
214
241
172
253
3
235
324
238
81
244
199
251
306
260
39
248
169
249
234
253
318
261
75
244
306
266
163
241
90
256
29
237
374
239
144
252
325
242
13
253
87
257
142
248
398
225
164
239
357
257
118
261
358
242
361
262
320
243
162
255
382
238
154
271
209
252
397
240
166
249
27
251
385
239
40
254
196
242
11
249
350
251
57
260
125
245
222
259
328
256
380
265
77
233
79
252
174
243
20
252
103
243
97
254
380
238
400
239
340
245
92
254
393
261
299
250
110
251
66
254
63
262
308
249
330
270
106
243
209
257
27
245
108
241
85
253
291
243
135
254
67
258
394
252
258
226
199
243
335
259
300
264
271
243
273
266
265
244
335
256
319
240
143
272
366
253
209
244
119
250
200
252
367
240
178
255
89
244
9
251
157
252
61
264
334
246
182
263
395
259
183
267
26
235
23
254
355
244
290
254
342
245
7
255
10
241
344
244
192
246
204
256
239
262
74
251
226
254
347
255
322
264
396
252
226
271
57
247
129
258
54
248
366
243
46
256
251
244
374
255
293
261
245
253
53
232
109
245
394
260
76
266
342
244
387
268
45
246
235
257
58
243
127
275
293
257
155
245
175
252
326
253
303
242
15
258
209
246
351
256
175
253
351
266
8
250
159
264
52
261
34
269
27
238
19
255
52
245
312
258
277
249
53
256
13
243
123
247
142
247
249
259
374
263
57
252
335
259
85
259
150
267
106
255
76
272
383
248
15
261
315
249
57
245
148
258
356
245
119
256
336
262
395
254
190
236
367
247
309
261
217
267
373
246
77
269
248
249
268
264
29
244
73
277
57
261
84
249
115
253
55
256
394
243
139
259
326
247
34
257
80
254
97
267
357
252
179
265
363
263
92
270
71
240
179
258
292
247
397
259
182
251
342
259
267
246
223
248
94
249
35
262
223
264
226
255
342
260
283
261
123
269
99
256
353
273
384
249
259
262
367
250
126
247
214
262
288
247
343
257
84
263
353
255
49
237
263
248
304
262
230
268
161
247
119
271
162
250
128
265
172
245
12
279
381
264
366
250
240
256
151
258
61
244
100
262
339
248
108
261
76
255
379
268
286
255
218
266
386
264
60
273
19
243
317
259
159
249
68
263
20
255
241
261
262
247
332
250
263
251
195
267
275
265
193
256
66
261
10
263
323
270
257
259
29
274
150
250
157
264
64
253
122
248
28
263
21
253
335
258
169
264
303
256
100
239
335
249
213
265
290
269
106
249
372
272
121
253
39
271
278
248
299
280
162
265
92
251
380
259
94
260
91
245
211
263
314
250
264
262
337
256
258
269
171
257
155
267
281
266
252
274
161
246
8
260
184
250
1
265
319
256
375
264
192
251
56
252
19
252
115
268
165
268
194
258
256
262
190
264
333
271
89
260
33
278
24
252
242
266
267
254
102
250
279
264
22
254
372
261
232
265
62
258
300
240
197
250
15
267
376
270
237
251
382
274
134
254
283
273
207
249
70
281
326
268
396
255
86
261
397
262
306
248
379
265
308
253
39
267
54
258
240
270
316
259
217
269
49
267
49
275
34
254
64
261
152
254
305
266
286
257
335
267
374
252
259
253
37
254
28
269
23
270
99
259
19
265
90
265
246
273
217
261
396
284
48
254
144
267
168
258
270
254
351
266
235
257
50
263
396
266
72
263
248
244
244
253
292
269
66
271
169
252
267
275
255
256
374
275
28
251
98
282
21
271
284
256
133
263
51
263
48
250
123
266
210
256
176
268
314
260
326
272
184
262
293
270
232
268
310
276
135
256
10
263
214
255
115
269
45
259
392
270
188
254
268
254
277
255
229
270
318
271
363
264
320
266
97
266
313
274
121
262
118
287
148
258
80
268
395
261
223
259
32
268
290
258
152
264
397
269
50
264
320
249
163
254
60
273
111
272
335
253
101
276
193
257
354
276
163
255
52
285
10
272
7
257
291
268
93
264
5
252
111
268
274
257
84
271
108
261
207
277
58
263
321
273
76
269
374
280
393
257
67
266
372
259
31
270
183
262
362
272
300
257
151
255
45
256
374
271
34
272
202
269
172
268
43
267
102
279
350
263
156
288
58
259
116
269
215
262
154
260
96
269
129
260
34
265
221
272
133
265
213
250
170
256
26
274
101
273
45
255
246
277
240
262
38
277
310
260
329
290
172
273
258
260
60
269
50
265
226
253
62
269
371
258
227
272
307
264
62
278
329
264
47
276
47
270
201
283
207
258
149
268
9
263
179
271
174
264
239
274
147
258
208
256
170
259
368
272
226
273
189
270
298
269
252
268
127
280
113
264
32
289
134
262
246
272
355
263
101
262
137
271
144
261
242
267
137
273
127
270
235
252
251
260
78
277
40
274
308
259
172
279
53
266
123
279
223
261
123
292
248
274
388
261
221
275
316
267
312
254
334
270
233
260
253
273
282
265
84
279
363
266
5
277
375
274
272
284
363
260
270
269
218
264
283
273
86
267
38
275
283
263
262
261
25
264
48
273
246
276
286
272
119
270
358
269
307
281
371
266
131
291
176
265
22
274
201
265
51
266
209
273
226
264
239
269
39
275
68
271
246
253
227
261
154
278
153
276
83
260
347
282
279
271
50
280
30
262
27
293
159
275
352
263
143
276
234
270
2
255
33
271
305
261
346
274
210
266
75
280
128
269
329
278
250
277
168
290
15
263
208
272
116
266
260
274
74
268
300
276
141
265
25
266
23
267
342
274
375
277
229
276
198
271
221
270
36
282
323
269
204
292
160
266
73
275
229
266
25
268
400
274
142
267
84
270
365
276
75
279
277
254
285
264
93
279
292
277
57
264
170
284
169
275
64
281
1
264
274
294
397
282
141
264
27
279
377
273
27
256
56
272
237
262
173
275
187
267
189
283
72
270
221
279
314
279
254
291
61
264
214
273
217
269
341
276
19
269
217
277
93
269
360
272
204
268
241
277
144
283
344
280
67
272
167
272
14
284
169
270
210
296
319
267
94
276
363
269
187
271
197
275
173
268
323
271
227
277
276
280
261
256
288
265
40
280
304
278
303
265
142
285
43
276
90
282
225
268
144
296
279
283
390
267
29
280
73
274
115
259
256
275
213
263
366
277
19
269
227
284
388
271
169
280
323
280
209
292
148
269
28
275
299
272
344
277
76
270
40
278
253
272
155
275
383
270
114
279
206
286
70
288
381
274
367
276
355
285
334
271
11
298
124
269
331
277
231
270
322
273
261
277
95
279
229
272
304
278
16
283
3
257
30
266
181
282
387
279
70
267
147
286
273
277
70
285
330
269
86
298
259
285
49
268
151
284
327
275
103
260
186
278
290
264
15
278
247
271
332
286
299
272
229
282
107
282
149
296
350
271
80
278
315
273
399
278
42
271
350
279
385
276
383
276
326
271
356
282
92
288
392
290
187
275
141
277
78
286
250
274
364
299
128
271
177
278
83
275
26
274
68
278
75
280
232
278
389
279
326
284
273
259
201
267
191
285
228
281
15
269
374
287
216
280
95
286
148
271
47
300
133
286
105
272
370
289
399
276
156
261
96
281
211
265
28
279
364
272
144
288
260
274
156
285
355
283
378
297
359
272
61
281
327
275
400
279
339
273
62
281
63
277
199
277
70
272
385
284
124
291
380
291
374
278
250
278
276
288
265
276
138
300
30
274
215
279
318
278
213
275
349
280
137
286
367
281
187
280
107
286
157
260
269
270
353
286
340
285
171
273
281
289
25
281
24
289
267
273
346
302
343
288
47
274
127
290
147
277
109
262
377
282
174
266
395
281
156
276
391
289
350
275
78
286
397
284
318
298
17
273
26
282
186
276
356
282
298
274
194
282
153
278
81
279
200
278
389
285
251
292
104
292
367
283
171
279
225
289
226
277
309
304
35
275
247
280
180
279
6
276
290
281
48
287
320
283
315
281
84
287
12
263
39
272
373
287
361
286
270
275
86
290
231
282
69
291
229
275
141
303
292
289
400
276
309
292
174
278
65
264
355
284
279
267
12
283
16
279
275
292
145
277
351
287
361
286
24
299
91
276
292
283
180
277
348
286
87
279
224
285
370
280
174
280
120
281
187
286
284
296
63
295
310
285
110
280
16
293
332
282
199
307
15
276
219
281
208
280
289
278
392
282
128
289
75
284
154
283
30
289
234
266
21
278
73
288
280
287
334
279
57
294
209
283
246
292
325
276
42
304
62
291
163
277
176
294
81
279
106
265
85
285
46
269
322
285
318
280
384
294
117
278
271
289
372
287
128
302
8
279
118
288
281
283
109
287
163
281
66
287
33
281
109
282
87
284
49
288
35
297
382
296
199
287
340
281
365
296
300
283
88
308
366
278
251
282
55
284
309
279
342
283
37
292
313
285
271
284
366
290
83
267
120
281
188
289
24
288
393
281
62
295
199
284
122
293
288
279
68
306
67
294
78
278
222
295
244
280
232
266
193
287
145
271
391
286
85
283
238
296
358
279
183
291
184
288
112
305
282
283
287
290
313
285
64
289
66
282
377
289
130
282
299
284
274
285
383
289
79
298
1
298
282
288
33
282
292
297
273
284
168
310
379
280
356
284
222
285
17
281
90
285
374
300
124
286
255
285
273
293
19
272
262
282
204
295
250
293
142
282
150
298
396
286
379
299
115
280
364
307
187
299
114
279
217
296
44
282
163
267
126
288
368
273
201
287
270
284
38
297
268
281
86
292
78
289
177
306
24
285
380
291
16
286
77
291
371
290
215
291
177
284
86
285
115
290
126
290
366
300
78
301
341
290
260
289
188
299
251
286
343
311
164
282
112
285
386
286
194
282
328
288
382
302
214
288
226
289
227
294
93
280
369
283
155
296
34
294
228
283
178
304
224
287
62
300
387
281
335
310
116
300
187
282
69
298
113
287
185
268
276
289
184
277
75
289
285
286
210
298
135
283
149
294
316
291
188
307
109
286
100
293
20
287
209
292
144
291
303
296
197
285
27
293
365
291
255
291
131
301
71
302
243
293
239
293
141
301
139
288
256
312
246
286
317
286
8
287
165
283
23
292
87
303
14
289
127
290
36
295
274
281
209
289
308
298
291
301
48
287
253
305
8
288
382
301
72
283
106
311
340
302
382
287
398
301
354
288
286
271
70
292
50
278
81
291
79
293
106
299
374
287
109
295
388
292
163
309
79
289
129
296
334
288
381
296
261
293
63
298
11
286
356
295
216
293
338
292
66
302
13
305
200
294
296
294
12
303
377
289
20
314
77
291
84
287
282
288
382
285
69
293
6
305
104
290
288
291
69
299
197
283
44
292
99
299
133
305
217
289
95
307
351
291
356
302
309
284
180
312
383
305
79
288
211
303
247
294
374
273
8
293
348
280
231
292
239
294
366
301
84
289
342
296
168
294
90
311
220
290
192
297
183
289
43
297
383
295
222
301
214
288
42
296
311
294
278
293
176
303
80
307
5
301
80
297
251
304
38
291
267
316
127
292
234
290
334
290
302
288
236
296
236
306
65
291
181
295
338
302
389
285
240
293
314
300
211
307
190
291
191
308
174
292
58
303
357
285
159
314
27
306
121
290
356
304
193
296
167
275
261
295
293
283
341
293
275
298
18
303
219
290
116
297
137
299
386
313
131
293
197
299
142
291
302
298
9
296
293
304
175
290
161
298
127
298
351
294
225
308
117
308
184
302
51
298
321
305
118
292
107
318
285
293
223
291
377
292
152
290
352
297
350
307
106
292
25
298
365
304
303
288
314
294
370
301
194
308
143
294
43
309
149
293
21
305
257
290
134
315
218
308
259
291
394
308
389
299
176
281
345
299
380
286
266
295
262
300
295
304
392
291
397
298
302
303
95
314
261
294
60
300
167
293
380
299
35
297
395
305
369
297
221
300
39
300
228
295
395
309
3
311
128
304
35
301
316
306
147
295
333
319
302
294
382
292
60
294
67
291
331
300
275
310
38
293
178
299
155
305
369
292
38
295
247
302
241
309
315
296
182
310
336
296
376
312
224
291
291
317
154
310
46
292
194
310
369
300
110
282
381
302
24
294
182
296
97
301
309
305
267
292
66
302
30
304
304
315
74
295
133
301
90
300
327
301
389
299
163
306
134
301
79
303
343
301
22
297
359
310
263
313
101
305
39
302
295
308
357
296
281
320
91
296
239
295
35
296
50
292
50
303
320
312
129
294
88
300
164
306
319
294
180
296
239
306
65
312
290
297
377
311
44
298
31
313
114
293
55
320
263
312
90
294
32
312
10
301
338
283
93
306
226
295
171
297
245
303
50
306
191
294
343
303
84
306
110
316
190
297
127
302
310
304
225
304
97
300
125
308
56
302
173
304
162
302
153
298
327
312
277
315
214
306
112
303
30
310
73
297
4
321
279
299
10
300
372
298
362
293
393
304
299
313
142
295
72
305
221
308
108
295
81
297
249
307
265
313
41
298
180
312
338
299
32
314
188
296
288
322
82
314
225
295
266
313
148
302
208
285
105
308
398
296
384
299
231
304
252
307
314
295
26
305
238
307
71
317
159
300
6
303
2
311
162
306
50
301
110
309
143
303
51
305
224
304
42
303
127
314
180
316
74
307
388
305
249
311
349
298
280
322
228
303
217
304
118
299
100
295
145
305
140
315
121
298
309
308
146
311
128
298
194
298
138
310
80
314
277
299
75
313
258
303
51
315
324
297
99
323
330
315
98
297
305
317
238
303
20
287
190
310
51
302
111
301
244
308
339
308
190
297
21
309
147
308
389
319
329
303
99
304
284
312
218
307
10
305
269
310
250
304
251
307
208
305
58
304
71
315
225
319
113
308
290
306
300
312
294
299
283
324
59
304
370
306
220
303
12
296
215
306
304
316
381
302
136
310
44
313
117
299
98
301
220
313
346
315
149
300
316
314
378
305
311
316
234
299
242
325
287
316
192
298
160
318
293
304
284
289
214
312
71
303
385
306
376
311
322
312
333
301
87
313
85
309
175
320
208
304
39
305
156
314
288
308
196
309
79
312
255
309
145
308
2
306
280
306
33
316
112
320
84
313
245
307
35
314
213
301
315
325
345
309
341
307
16
304
199
301
143
307
369
317
127
304
9
311
161
314
379
301
372
304
275
315
249
317
62
301
25
318
368
308
138
317
201
301
396
326
254
317
387
300
65
321
329
305
171
290
257
314
328
306
118
307
219
313
388
313
158
302
172
314
102
310
18
321
183
305
224
307
302
317
360
309
139
311
311
314
356
310
216
312
172
310
300
307
180
317
126
323
263
316
194
308
95
315
317
303
339
326
244
310
32
310
260
306
45
303
130
309
347
322
87
309
111
312
138
315
118
302
337
307
238
316
162
318
175
302
141
319
386
309
237
318
94
303
114
327
130
318
275
304
40
322
52
311
141
291
195
317
116
309
242
310
42
316
36
315
394
303
171
316
164
312
121
324
345
307
373
309
336
318
129
314
6
312
22
315
61
312
340
313
21
312
392
308
135
320
141
324
181
318
119
309
66
317
356
305
95
328
155
311
244
311
20
307
121
304
149
310
319
324
116
310
30
313
125
316
65
304
46
310
376
320
11
324
23
304
270
322
34
312
219
319
237
305
37
331
321
319
358
307
26
326
68
313
276
292
386
318
188
311
13
311
107
317
318
316
45
304
353
318
175
313
341
325
247
309
351
310
251
319
372
316
394
313
263
318
204
314
287
314
180
314
369
311
8
321
36
328
255
319
166
310
381
324
227
307
35
331
69
316
308
312
148
308
78
305
343
311
127
326
57
311
319
317
131
319
223
305
8
316
103
321
181
325
79
306
7
323
141
314
349
321
341
306
72
332
68
320
20
309
106
328
398
317
70
295
291
319
241
312
288
312
118
319
374
317
319
305
356
319
244
318
359
327
237
310
200
311
234
320
168
319
128
314
119
321
150
320
294
315
77
315
122
312
367
324
6
329
235
321
133
311
349
325
103
309
185
334
306
317
168
313
368
311
156
306
101
312
231
328
336
315
50
320
377
322
174
306
33
317
187
323
208
326
9
309
28
324
52
315
44
322
103
308
160
334
52
322
71
310
10
331
188
318
197
296
253
321
245
315
70
314
51
322
330
321
137
308
61
320
213
319
158
328
140
316
102
313
301
321
95
320
112
315
195
322
73
323
246
317
203
316
130
316
233
325
75
330
387
322
237
315
159
326
322
310
297
335
8
318
70
315
134
314
368
307
133
316
333
329
307
317
95
321
67
324
311
309
277
319
65
325
283
327
97
313
38
325
333
316
224
323
331
311
10
336
367
325
202
311
231
333
266
319
166
298
239
322
153
316
328
315
310
324
274
324
310
315
121
323
113
320
266
329
121
317
226
314
8
323
78
322
96
317
319
323
209
325
267
318
387
317
317
318
267
326
184
331
238
323
262
316
330
328
331
311
87
336
220
320
379
320
392
320
150
312
322
317
44
331
21
319
89
322
123
325
352
310
302
322
113
326
362
328
183
316
265
326
201
317
263
324
138
312
287
337
214
328
226
312
122
334
363
321
400
300
337
323
203
321
158
316
305
327
291
325
311
317
349
326
205
321
303
332
167
320
321
315
330
326
280
323
398
321
142
324
268
326
371
319
397
319
371
319
162
328
386
332
297
324
185
322
210
329
229
312
369
338
315
321
225
324
132
321
120
315
182
319
249
334
43
322
329
324
33
328
222
312
132
323
242
328
45
329
332
317
163
327
17
318
22
325
256
314
54
341
400
329
280
313
271
335
99
325
10
302
395
324
120
323
52
317
35
329
99
328
348
318
25
328
247
322
210
333
236
321
289
318
176
328
33
332
39
322
232
326
260
327
153
320
349
321
158
326
65
330
46
333
176
325
341
323
31
334
68
313
264
341
301
323
196
326
268
323
23
316
221
321
252
335
92
324
96
325
21
329
114
313
144
324
61
330
147
330
278
318
151
328
339
319
199
328
253
322
203
344
185
332
180
314
319
338
290
331
325
307
225
326
158
324
175
321
249
332
98
333
248
320
88
331
193
325
181
334
186
334
119
324
222
331
369
333
165
323
192
328
311
329
351
322
84
322
357
327
319
331
304
336
317
329
92
325
198
335
375
315
122
342
350
324
369
328
393
324
200
318
98
323
62
336
356
325
382
327
207
330
179
315
385
325
2
333
262
332
12
321
13
329
124
321
203
330
191
328
177
345
208
333
241
316
325
339
67
332
349
308
338
329
381
325
33
323
133
334
180
334
65
323
100
333
28
326
337
335
328
335
210
332
346
332
325
334
140
324
128
333
264
332
63
326
400
323
322
329
17
332
176
337
328
332
206
328
195
337
348
324
121
344
382
325
72
329
391
325
59
324
184
324
34
337
378
326
3
328
193
333
95
316
127
328
270
336
389
333
39
322
34
330
328
322
371
331
315
334
353
347
98
334
153
320
236
341
17
333
314
310
171
331
124
327
340
324
216
336
259
336
306
324
240
335
300
329
212
336
251
336
362
333
297
343
112
335
250
326
257
334
239
336
323
328
202
328
237
331
186
333
140
338
354
334
285
329
73
338
159
325
155
346
239
326
118
333
33
326
188
325
9
332
64
338
202
328
217
332
320
334
337
317
43
331
224
337
259
334
233
323
230
331
398
323
397
332
247
335
129
350
15
335
362
321
237
344
400
334
319
311
116
332
82
329
369
331
212
338
179
337
43
325
206
338
6
330
72
340
323
337
262
335
383
344
285
337
385
330
325
337
99
339
292
329
159
331
30
332
280
334
257
340
327
336
320
332
387
339
79
326
84
347
381
328
366
334
243
328
370
326
170
335
301
339
260
329
254
334
5
335
4
318
106
332
290
338
390
337
350
329
379
333
294
324
145
333
145
339
83
351
79
336
228
324
384
346
38
335
41
315
369
335
189
330
27
333
177
339
229
340
11
326
290
339
191
335
281
343
151
339
160
336
253
347
133
340
396
331
238
338
375
340
316
330
384
332
309
333
362
335
145
341
210
337
292
333
290
342
224
330
222
348
314
329
126
338
37
329
310
329
168
337
361
340
386
333
241
335
13
339
245
325
274
333
192
340
165
338
331
330
160
334
186
325
164
334
53
343
87
352
350
337
370
326
183
347
36
336
175
320
274
339
254
331
276
334
29
340
156
341
230
327
284
340
241
336
277
345
75
340
353
337
24
348
159
342
360
334
329
339
123
341
331
335
333
334
149
334
248
336
334
343
64
340
227
338
272
343
239
333
171
350
141
330
44
340
352
331
360
330
218
339
373
342
5
337
225
339
332
341
271
326
312
339
334
345
391
339
82
338
171
335
269
330
288
337
298
345
359
354
78
339
125
330
260
348
259
337
346
324
220
341
369
335
303
335
291
344
342
349
273
328
150
347
215
338
289
349
196
341
341
338
99
349
220
343
393
336
178
341
78
342
150
336
320
335
113
335
157
338
237
345
51
343
79
339
32
344
354
336
8
351
253
331
156
342
394
332
83
331
226
340
370
343
61
338
36
340
232
343
17
327
235
341
96
347
75
341
262
340
168
338
268
331
287
339
374
347
389
355
375
342
223
331
273
349
23
339
55
326
20
344
87
336
205
336
345
347
130
350
63
332
337
348
296
340
221
350
72
342
241
339
157
350
74
345
347
338
61
344
335
343
311
337
5
337
197
336
293
339
235
347
333
345
180
343
80
346
5
338
269
355
199
332
362
343
192
333
349
332
241
341
297
344
218
341
237
341
267
346
209
328
168
343
393
349
170
347
230
341
5
339
5
332
83
340
167
350
187
356
193
344
24
332
25
351
362
341
340
336
283
346
320
338
23
347
277
348
175
352
247
336
60
354
136
341
260
351
344
347
195
340
38
351
134
346
204
340
82
345
361
344
228
338
138
339
265
337
290
343
96
350
277
346
385
344
399
347
187
342
218
357
33
334
58
345
177
337
258
333
119
345
112
345
196
344
346
342
242
347
185
329
371
345
400
350
95
348
293
344
32
341
170
337
294
341
135
351
237
357
196
345
357
333
134
352
46
342
231
343
213
348
84
341
382
348
180
353
398
355
23
337
345
355
149
344
94
352
372
352
277
344
185
356
91
347
308
343
396
346
82
345
165
339
67
342
6
339
137
345
138
351
330
349
88
345
129
348
339
343
352
359
189
339
187
349
74
339
280
334
178
347
246
346
163
346
13
343
119
350
43
330
229
346
216
351
302
349
390
345
22
343
334
343
347
342
239
353
78
361
89
346
204
335
299
353
115
343
238
345
1
350
167
346
300
349
268
354
343
356
261
339
173
357
61
345
366
354
174
353
2
345
274
357
303
350
113
344
302
347
321
350
321
341
164
344
173
340
304
346
55
352
91
350
365
346
202
352
327
344
41
360
18
343
37
352
150
341
365
335
139
353
354
349
40
347
393
344
357
354
215
332
110
347
256
352
257
351
224
346
299
349
18
344
61
343
246
355
262
362
86
347
356
336
233
354
365
346
304
347
359
351
86
347
270
350
395
355
224
358
157
340
371
358
32
348
39
355
166
354
389
347
126
358
8
353
154
346
384
348
29
351
265
354
382
346
176
341
383
347
325
354
192
351
82
348
137
353
385
345
303
361
129
344
330
355
121
342
347
336
11
354
390
351
219
348
59
348
143
355
346
333
97
350
346
354
61
352
25
347
39
350
41
347
261
344
377
359
377
365
202
348
179
338
120
358
1
347
195
348
153
353
284
351
290
356
306
356
383
360
144
344
31
359
295
349
300
360
319
355
327
348
149
359
272
354
83
348
332
349
178
352
125
357
9
347
107
343
295
348
84
356
257
352
31
353
44
356
337
346
383
362
97
351
289
358
47
345
339
338
94
355
358
352
110
349
282
349
278
356
172
338
384
352
203
355
320
356
292
349
87
351
353
350
110
345
282
362
273
367
230
349
253
342
286
359
145
348
258
351
84
356
9
352
163
357
12
363
27
361
243
347
250
360
337
350
116
361
124
356
396
350
80
360
233
355
382
350
199
351
47
353
23
362
158
348
296
346
56
349
281
357
9
353
21
355
176
357
387
347
391
363
179
352
178
360
340
346
119
342
360
356
105
355
280
354
107
351
376
358
66
343
185
353
12
358
379
357
134
351
117
353
126
352
391
346
157
366
5
369
166
352
31
343
274
360
54
349
329
352
90
360
332
353
354
359
351
365
54
362
179
349
92
361
262
351
217
362
184
361
49
352
137
361
382
357
213
351
356
353
55
354
140
365
61
351
330
347
204
350
58
359
43
356
27
359
169
358
228
351
257
365
135
354
79
361
310
347
313
348
12
357
277
357
224
359
301
352
266
359
199
345
133
354
63
359
148
360
352
353
70
354
367
354
233
348
342
368
340
370
280
353
145
344
42
362
271
350
67
353
52
361
225
355
248
361
178
366
105
363
15
351
38
362
315
352
12
363
98
364
3
354
115
363
171
358
124
353
206
354
201
355
226
366
355
352
121
348
281
352
209
361
12
357
174
361
331
359
150
353
83
366
358
355
38
363
151
348
159
350
396
358
5
359
56
360
179
353
85
360
276
348
290
355
54
360
137
363
362
357
263
355
295
358
229
351
233
371
107
371
200
354
380
348
126
365
297
351
247
354
146
363
217
357
191
362
61
367
78
364
80
354
274
365
249
357
161
365
262
365
229
358
36
364
373
361
146
355
156
355
27
357
3
367
250
353
41
352
396
353
42
366
22
363
299
362
268
360
32
358
99
368
261
359
30
364
359
349
153
351
18
359
271
360
234
363
118
355
297
362
6
350
268
360
111
362
83
365
16
359
167
360
214
359
327
355
205
372
221
372
65
359
208
349
311
367
230
352
182
360
6
364
268
358
172
363
361
369
375
365
195
360
143
366
382
359
173
367
379
367
334
359
163
365
371
363
58
356
218
357
398
359
384
368
207
354
399
353
307
354
92
368
71
364
121
363
93
361
360
363
229
370
337
360
348
371
366
350
109
354
37
361
295
362
108
364
234
356
18
363
251
351
202
361
343
365
252
366
180
360
17
365
357
360
161
358
266
375
339
373
42
360
126
350
314
369
133
356
159
363
325
366
343
359
87
364
114
370
262
367
376
361
224
367
234
360
159
369
83
368
65
360
235
367
268
364
232
357
252
358
160
360
59
369
292
356
82
354
18
355
166
369
396
365
188
368
158
362
210
364
173
371
356
361
354
372
230
351
201
355
314
363
61
364
332
365
69
357
162
364
25
354
189
365
344
366
35
367
326
367
162
366
263
363
65
360
83
376
79
375
194
362
220
351
337
371
47
359
32
364
145
367
301
360
320
365
330
372
93
368
34
362
36
368
324
362
32
370
21
369
136
363
258
368
253
365
176
359
6
367
159
362
258
370
275
360
257
355
384
361
12
370
62
371
379
369
351
364
90
366
282
372
119
362
203
373
276
354
353
358
333
366
262
365
184
368
354
359
351
368
32
355
70
368
210
369
370
368
53
368
116
368
110
370
205
362
193
379
220
376
327
363
254
353
22
373
195
361
278
366
328
368
356
363
375
370
103
373
103
369
285
364
62
370
379
364
364
371
48
371
158
365
206
369
324
366
292
361
383
368
293
365
110
375
220
364
217
358
337
363
278
372
174
372
324
372
345
367
202
369
294
373
394
363
117
374
356
358
321
359
198
367
94
366
243
369
208
360
29
369
122
357
57
373
272
374
226
371
295
372
251
370
313
374
365
364
112
380
360
378
190
368
26
355
277
374
122
364
154
369
191
370
399
364
305
371
38
374
114
370
223
365
306
372
25
365
33
373
398
373
4
366
333
375
28
367
49
365
154
369
295
366
353
376
160
367
45
359
294
364
265
373
258
375
287
373
287
369
69
370
115
376
196
364
59
376
161
360
162
364
41
369
400
371
78
370
364
362
323
370
115
362
161
375
121
378
323
372
13
374
244
375
289
375
144
366
364
383
145
379
41
369
286
360
363
376
223
366
221
370
172
371
160
365
368
372
223
377
377
371
296
368
110
374
251
366
28
377
23
375
249
369
216
376
232
368
100
366
220
370
118
372
95
379
279
368
377
360
114
365
326
374
267
376
214
374
370
372
181
372
197
377
251
365
136
377
48
369
286
367
171
370
200
375
306
371
91
368
32
373
335
363
216
377
377
379
214
373
165
375
332
378
365
376
25
367
394
384
170
380
163
370
19
361
232
378
157
367
257
371
313
372
127
366
58
373
165
378
188
372
232
369
312
375
273
367
186
379
139
377
374
375
342
378
70
374
354
367
89
372
112
373
283
380
239
369
393
362
77
368
105
375
107
377
168
375
298
376
154
373
313
379
195
368
83
378
205
371
398
372
136
371
176
376
31
373
183
370
342
375
163
364
271
378
151
380
121
374
288
377
245
380
307
377
41
368
78
385
209
381
155
371
347
364
264
379
57
372
269
373
11
373
18
374
85
377
217
379
145
373
309
372
56
377
332
368
140
382
112
378
228
377
148
379
313
375
362
370
148
373
298
376
97
381
34
370
305
363
143
369
279
376
90
383
181
376
374
379
293
374
183
381
397
370
131
380
264
373
105
375
219
373
104
378
62
375
239
371
2
378
391
365
169
379
312
382
67
380
370
381
152
381
86
379
394
370
270
386
270
382
201
372
393
367
215
381
160
374
398
377
238
374
170
376
260
378
297
384
154
376
282
373
181
378
391
371
287
383
88
380
155
378
70
385
125
376
5
372
101
376
331
377
288
382
71
372
88
366
234
371
31
377
55
384
159
378
366
382
21
376
72
382
154
372
8
381
5
374
58
377
122
376
113
381
97
376
347
372
41
379
243
368
313
381
56
383
239
381
160
382
292
383
342
380
183
372
17
388
358
383
255
374
17
368
307
383
358
376
34
378
122
376
307
378
20
379
290
385
247
378
384
375
389
383
211
374
47
384
292
381
164
379
257
386
178
378
208
374
29
379
338
378
278
385
74
373
155
367
340
373
268
379
380
385
57
380
215
385
316
378
120
384
263
373
336
383
309
375
341
379
152
378
296
384
91
377
294
373
181
382
347
372
61
382
291
384
198
382
285
383
115
385
171
381
225
377
307
389
69
384
150
376
23
371
100
385
102
380
137
382
10
380
291
384
329
381
383
386
17
380
251
381
211
385
221
376
353
385
388
382
29
382
270
388
55
379
237
375
294
385
244
379
100
387
253
374
117
372
356
379
243
383
299
388
176
382
167
386
127
381
340
385
125
376
350
385
240
376
198
381
131
380
123
389
144
379
35
374
168
383
378
375
41
383
368
385
93
384
284
387
71
386
65
382
112
381
27
390
195
385
266
377
266
372
178
386
340
382
219
383
232
384
150
385
203
383
309
387
16
381
231
385
245
388
92
377
109
387
12
383
35
384
329
390
143
386
223
376
327
386
148
382
119
388
324
375
219
373
1
380
365
385
65
390
18
383
138
388
170
382
233
386
100
377
121
386
322
379
96
388
217
381
67
391
126
380
58
375
9
386
279
383
241
386
55
387
295
385
154
388
85
388
40
383
77
384
141
391
23
386
269
378
203
376
67
387
206
384
76
388
175
389
181
386
131
387
226
389
12
385
189
386
141
390
23
378
257
388
90
384
212
385
27
392
222
387
40
378
366
387
270
383
77
390
190
377
167
378
311
381
245
387
81
391
137
390
278
391
267
383
93
387
287
386
337
389
160
380
197
390
57
382
71
392
301
382
211
376
352
387
193
384
232
387
80
388
369
386
137
389
288
389
302
384
170
385
333
392
76
387
385
382
302
377
393
388
49
385
193
390
63
390
299
387
137
388
333
390
393
386
331
387
11
391
219
383
262
392
33
386
387
386
282
393
83
389
13
379
361
389
8
386
343
392
40
378
196
380
138
386
192
388
92
392
394
391
10
392
390
384
211
389
36
387
309
390
281
383
261
391
364
384
146
393
83
384
16
377
179
388
110
385
208
388
170
389
299
392
11
391
108
391
180
387
309
386
88
393
205
390
59
384
363
383
146
389
59
386
272
391
50
392
349
389
100
389
163
393
168
387
27
389
308
392
121
384
54
393
242
387
383
388
69
395
388
390
197
380
179
390
98
390
72
393
176
381
20
384
360
387
19
390
309
394
105
392
194
393
254
388
301
390
63
390
141
392
396
384
52
393
135
385
109
394
190
387
152
378
178
389
28
386
397
389
202
392
84
394
37
394
321
392
99
388
209
388
117
395
118
391
122
386
341
385
350
390
283
387
71
392
204
393
90
390
157
390
335
394
218
389
312
391
45
395
222
385
100
394
331
389
145
390
131
396
189
392
386
381
204
391
368
392
214
394
198
391
310
390
153
388
34
391
105
395
215
393
217
394
51
391
158
394
29
391
213
394
119
385
75
395
318
387
308
395
22
388
326
380
128
392
264
393
11
392
372
395
79
395
363
395
301
393
372
389
23
389
242
396
58
392
23
388
41
386
169
391
171
388
344
393
382
394
367
393
386
394
14
396
115
392
188
395
315
396
272
387
127
397
343
392
223
392
130
397
207
393
93
384
57
393
104
394
236
395
248
393
174
395
376
389
20
393
161
397
38
395
21
396
275
392
225
397
222
392
26
395
108
388
225
396
84
390
65
396
141
390
188
383
165
393
146
394
275
395
231
396
144
396
202
396
35
394
188
390
135
390
318
397
286
395
171
393
37
389
185
392
95
390
125
395
400
396
255
395
235
396
90
398
320
394
322
397
203
398
276
389
179
398
180
394
361
395
381
398
262
395
203
391
117
394
4
395
327
397
233
395
99
397
4
394
398
394
73
398
295
396
11
397
268
397
219
398
13
395
296
398
30
390
371
397
287
391
45
397
392
398
93
385
317
396
103
395
23
396
221
397
342
397
17
398
16
396
57
392
57
395
75
398
394
397
220
394
315
394
85
395
79
391
97
396
362
397
275
397
96
398
382
399
236
396
343
399
311
399
163
392
293
399
2
395
188
397
66
399
208
396
304
397
114
397
203
399
289
398
376
396
387
398
12
397
200
397
63
399
248
397
89
398
17
398
112
399
101
396
236
399
273
397
7
399
31
395
201
398
351
399
165
386
331
397
396
399
151
398
206
398
72
398
380
399
135
397
102
393
103
396
313
399
210
398
158
396
27
395
57
399
353
395
313
397
7
399
318
400
149
399
152
400
285
399
345
400
49
400
68
398
339
400
97
399
17
399
316
400
180
398
289
400
135
400
389
400
359
399
134
399
156
400
168
400
396
399
284
400
314
399
168
400
231
400
241
400
255
400
271
400
164
398
373
400
102
399
240
399
76
400
331
388
110
399
360
400
147
400
271
399
220
400
24
400
376
399
183
399
284
399
161
400
366
400
