%%MatrixMarKet matrix arrary real general
100 20
11
1
8
1
7
1
24
2
9
1
25
1
40
2
19
2
9
2
21
1
12
2
3
4
29
3
11
1
25
1
28
1
7
2
33
4
5
1
36
2
32
3
13
1
24
1
12
1
17
1
1
2
39
2
2
1
4
1
4
1
21
2
21
1
18
2
18
3
35
2
25
5
22
2
16
4
18
1
28
1
9
1
37
1
20
2
30
8
26
2
8
1
40
3
24
3
15
3
29
1
15
3
28
3
32
2
1
4
27
2
37
5
16
4
9
5
1
3
12
3
1
5
32
5
10
5
25
2
8
2
10
4
38
3
28
5
19
2
30
5
10
8
19
2
9
2
9
4
28
2
12
3
4
7
4
3
10
2
20
3
38
4
24
2
16
5
39
4
1
3
27
6
4
3
1
5
9
2
35
2
38
4
40
2
36
4
12
9
13
3
10
5
15
4
2
4
20
6
18
5
22
4
22
4
15
4
12
5
35
3
11
6
5
8
31
6
8
6
17
5
20
7
36
6
15
6
37
3
37
3
18
6
18
4
37
6
25
4
11
9
27
9
38
4
13
3
27
6
6
7
34
4
34
8
19
5
40
3
14
9
17
5
31
3
19
6
34
5
22
5
31
7
25
6
6
7
5
4
27
4
22
5
11
4
3
7
20
11
10
7
23
6
29
6
1
6
11
7
8
6
34
5
7
9
13
8
11
6
11
5
15
9
3
10
25
8
38
7
26
6
39
9
10
8
4
7
21
4
40
5
9
8
29
5
3
8
3
7
20
10
7
12
20
6
27
5
20
7
34
8
30
5
13
10
33
6
13
6
16
13
16
7
27
4
34
11
9
7
36
6
10
8
19
8
14
9
3
11
5
6
6
7
31
6
27
9
22
13
15
14
13
7
31
7
14
7
23
9
40
7
8
10
34
12
22
9
30
7
4
8
30
10
9
11
12
16
16
12
4
13
3
14
7
9
35
8
36
6
14
6
32
12
15
6
2
10
14
9
35
13
35
15
31
7
30
6
24
13
5
14
39
6
9
11
39
7
22
7
11
15
35
9
6
5
31
13
37
8
18
7
28
13
26
9
28
10
13
12
8
9
31
10
24
8
12
10
2
15
39
16
9
11
21
8
9
12
2
12
19
10
32
12
36
13
36
11
10
8
25
12
35
12
28
13
26
17
5
15
8
15
34
16
2
14
1
11
18
7
35
7
11
13
19
9
21
11
8
11
40
14
33
16
26
9
15
7
33
14
35
15
17
9
15
12
27
8
38
11
6
17
37
12
34
8
38
14
30
12
4
9
1
16
30
10
27
12
28
15
17
11
34
11
19
9
40
11
6
17
11
17
38
15
25
9
5
13
38
14
2
11
33
14
5
14
5
12
25
13
18
14
33
14
12
17
10
18
14
17
10
16
36
17
38
16
20
12
32
8
28
10
3
15
8
10
14
15
10
12
4
15
4
18
21
10
33
8
10
15
22
18
28
13
3
16
40
11
29
14
31
18
29
13
26
9
15
17
10
14
17
12
33
17
14
11
18
13
10
17
7
14
36
12
26
10
24
14
16
18
8
18
31
16
14
11
34
17
10
19
24
13
38
16
39
16
10
14
36
15
39
17
26
18
33
18
38
21
13
18
9
19
10
18
22
17
26
13
15
10
9
12
40
17
40
11
17
16
39
15
3
16
6
19
25
15
34
10
26
16
12
20
25
14
1
17
29
12
34
15
8
19
6
14
29
11
12
20
24
15
20
13
15
19
12
15
15
21
16
21
20
15
18
13
5
15
17
15
36
19
19
20
20
18
16
12
39
18
4
21
22
14
21
19
15
19
19
18
31
17
31
19
17
19
6
19
37
22
22
19
20
22
29
19
1
18
28
17
16
17
22
13
33
19
25
13
12
18
27
16
38
17
40
20
14
16
37
12
35
17
3
21
11
18
5
18
38
13
35
17
34
21
30
15
22
12
1
23
13
16
32
14
3
20
7
16
2
22
22
23
12
16
27
14
22
16
6
16
4
21
6
21
29
21
18
13
26
20
17
22
35
15
2
24
18
20
20
24
3
18
36
20
2
22
15
20
20
27
31
20
14
23
4
21
39
19
2
18
12
20
26
16
5
20
33
16
7
19
23
17
12
19
38
22
12
17
31
16
8
18
9
23
21
19
6
21
30
15
8
19
5
22
8
18
13
15
4
25
40
17
31
21
12
21
5
17
35
23
36
24
37
18
21
15
32
17
28
18
14
24
1
22
30
22
38
19
15
22
26
24
4
16
7
25
17
21
16
25
23
19
40
22
20
23
32
21
14
28
4
21
32
24
6
22
12
20
34
19
27
22
4
18
39
22
14
17
20
23
13
20
22
23
21
23
30
22
26
17
19
21
10
24
35
20
19
22
22
17
30
23
2
23
10
20
20
16
21
26
38
19
11
23
9
22
33
23
3
24
20
26
3
19
35
16
14
18
39
21
3
26
12
23
36
24
5
20
21
25
8
25
12
20
6
26
37
23
38
26
9
20
15
23
27
24
7
23
3
29
39
24
38
25
13
24
24
21
33
21
5
24
19
21
38
24
1
20
22
24
36
21
39
24
28
24
18
23
21
18
11
22
11
25
7
23
25
26
20
21
12
24
12
25
25
23
10
17
8
27
32
20
16
24
18
23
40
27
33
26
8
27
21
22
39
17
21
20
5
22
1
27
40
25
3
25
36
22
10
27
13
27
38
23
20
27
38
25
29
27
32
21
30
24
3
28
22
24
13
30
25
27
36
27
26
25
11
23
25
22
14
26
15
24
31
25
24
21
38
25
31
22
1
25
2
25
32
27
11
19
30
25
27
26
16
24
35
28
18
25
9
25
37
26
19
26
18
23
7
28
21
23
19
25
34
24
35
28
19
29
38
29
30
24
30
19
27
23
19
23
23
28
9
27
19
26
30
26
32
29
33
28
39
25
40
28
35
26
30
28
26
27
16
26
8
29
37
25
15
32
40
28
29
28
23
27
28
26
16
23
23
28
20
27
29
26
23
22
9
27
38
26
21
26
17
26
24
29
39
20
28
29
16
30
40
26
20
29
23
26
18
26
24
28
1
27
40
25
10
29
2
26
10
26
2
26
1
29
11
30
34
31
34
26
8
24
7
28
8
25
32
29
36
29
2
27
17
27
37
30
18
29
3
26
35
29
11
27
23
33
37
28
7
28
21
31
34
26
4
33
33
29
34
30
38
28
34
29
27
24
30
29
23
29
14
27
32
27
26
29
6
30
6
27
5
29
36
33
22
25
39
31
19
31
22
27
23
30
14
28
5
27
35
29
22
28
7
28
30
32
6
27
8
29
39
29
24
31
37
31
7
32
25
29
2
25
13
29
13
26
39
31
30
31
33
28
34
28
16
31
31
30
37
27
13
30
33
29
21
34
38
29
6
29
7
32
27
30
24
34
26
30
11
31
15
30
27
30
39
31
19
31
32
33
7
30
28
30
39
30
28
32
31
28
1
30
3
34
4
28
23
32
4
32
8
29
27
31
9
32
21
32
27
30
3
31
19
32
22
33
28
29
34
30
11
30
21
32
8
34
25
33
33
31
20
26
36
30
33
30
5
34
35
32
17
32
23
32
23
33
1
32
17
28
18
31
24
30
3
35
40
33
10
32
13
34
14
31
1
35
10
32
2
35
40
32
25
31
9
32
9
33
11
34
21
34
36
34
13
31
34
33
8
29
13
31
11
35
38
32
5
34
13
33
36
31
24
32
10
34
16
33
7
32
34
32
30
35
35
36
25
31
38
33
14
35
20
34
20
36
30
35
10
32
28
32
25
33
32
31
33
35
24
33
35
34
10
33
28
35
16
36
21
30
23
36
6
31
17
37
14
34
21
33
16
36
1
36
7
36
23
34
7
37
8
33
13
33
14
36
34
35
31
36
16
35
31
35
1
32
29
35
33
32
37
34
5
37
14
35
2
36
40
36
10
32
38
36
16
35
28
36
39
33
11
36
33
36
9
37
1
33
28
37
32
36
39
36
32
38
14
37
23
36
3
33
3
34
29
34
10
37
4
34
4
37
1
35
19
36
5
37
9
33
9
37
10
32
31
39
22
35
13
37
4
38
35
38
23
39
37
35
33
39
31
35
15
35
30
37
39
38
30
38
23
36
26
37
35
34
24
37
7
34
11
36
28
39
29
36
40
37
29
37
15
33
14
37
31
36
20
37
38
36
33
39
14
37
3
39
11
35
15
39
38
37
13
37
25
39
19
39
40
38
29
37
38
35
1
35
25
38
28
37
14
39
2
37
8
38
35
39
32
34
17
39
2
40
6
40
16
39
34
38
39
40
29
39
11
40
11
36
18
40
11
37
40
37
38
40
13
40
17
39
2
37
12
39
36
40
18
40
18
37
14
39
8
40
23
40
3
38
39
38
38
37
33
40
24
37
31
39
10
40
24
40
39
38
24
40
22
36
27
40
4
40
18
38
17
40
6
40
13
39
23
40
12
39
38
37
7
40
5
38
12
40
24
39
11
40
34
40
31
36
