%%MatrixMarKet matrix arrary real general
100 40
22
2
15
2
14
2
47
2
17
4
49
1
80
2
38
2
18
3
41
1
23
6
6
4
57
6
21
1
49
1
55
1
13
2
66
1
10
1
71
3
63
2
25
1
47
1
24
1
34
1
2
3
78
2
3
1
8
1
8
1
42
2
41
1
36
1
36
5
69
3
50
1
44
5
32
3
35
1
55
1
18
1
74
2
39
4
60
2
51
2
15
1
79
1
47
4
30
1
57
1
30
3
56
3
64
3
1
3
55
5
75
2
32
3
17
3
2
4
25
2
1
8
65
5
20
7
51
2
16
2
20
2
77
4
57
4
39
2
61
8
20
5
38
4
18
2
18
2
55
2
23
4
7
4
7
5
20
2
39
3
76
5
47
2
32
4
79
6
1
4
54
3
7
6
2
6
17
3
69
2
77
2
75
3
72
6
23
8
26
5
20
3
30
3
3
6
39
3
35
2
45
4
45
4
31
4
23
4
72
6
21
4
10
5
63
4
17
5
34
3
40
12
74
8
31
10
75
3
76
3
36
4
37
5
76
11
51
3
22
10
55
6
78
5
26
3
55
4
12
8
69
6
69
5
38
6
9
6
29
6
34
6
64
3
38
5
70
7
44
5
63
6
51
12
12
7
9
4
54
3
46
3
23
4
5
12
40
16
19
6
46
4
60
4
1
7
22
6
16
3
70
6
13
6
26
5
22
5
22
7
30
6
6
8
51
5
78
6
54
6
2
14
21
9
8
11
43
4
51
5
18
7
60
7
7
13
6
4
41
12
15
7
41
7
55
4
40
11
70
11
62
8
26
9
69
8
26
10
33
7
33
12
57
4
71
6
19
8
74
6
21
8
39
13
30
9
7
5
9
8
11
5
64
6
55
13
45
17
30
7
27
6
64
6
30
8
47
7
60
7
16
7
72
8
46
7
62
8
8
9
62
8
19
11
25
8
34
8
7
10
5
15
13
11
74
12
78
8
28
7
66
8
31
8
5
14
28
5
74
14
73
11
65
10
63
5
51
14
10
14
24
9
17
11
79
9
45
11
23
9
72
14
12
5
65
8
18
9
37
7
58
9
55
14
58
10
26
10
15
10
64
9
49
7
24
15
3
21
27
10
18
10
44
7
19
11
4
11
40
9
68
10
71
11
76
11
20
9
53
10
74
9
60
14
54
12
11
10
17
11
72
16
3
12
1
13
39
9
75
10
24
9
41
9
44
15
17
7
76
16
69
14
55
15
32
7
70
15
74
15
36
10
31
13
57
10
7
13
12
13
78
16
72
6
39
10
64
10
8
9
2
12
63
16
57
11
59
12
35
14
73
10
39
11
41
17
11
25
23
11
50
13
52
9
9
12
23
12
4
10
77
11
10
12
10
13
54
10
40
11
71
11
26
15
22
15
29
12
21
12
7
18
14
16
43
14
70
10
61
11
6
12
16
10
29
18
22
8
7
19
8
16
46
16
72
11
21
17
47
16
59
12
6
15
80
11
62
15
67
16
62
17
56
9
33
11
21
11
36
11
71
13
29
17
38
14
21
14
16
19
67
12
55
12
51
19
34
26
17
13
66
17
29
13
73
13
20
14
52
13
49
12
61
14
22
15
67
11
59
12
56
12
71
17
69
20
27
13
20
14
22
19
47
19
56
15
32
11
19
12
61
15
14
11
38
20
42
12
6
20
13
19
54
17
74
12
56
20
25
20
54
13
1
18
64
15
64
16
17
20
13
19
63
10
26
13
53
12
78
12
32
17
26
18
33
15
80
15
44
20
39
13
10
13
37
20
5
30
41
18
44
21
35
14
79
14
8
15
48
15
46
14
34
16
42
17
69
13
69
15
37
13
12
21
56
21
49
14
45
15
64
24
2
20
63
16
35
13
50
14
63
17
57
15
27
23
61
13
24
23
71
22
31
18
61
19
58
23
5
22
25
14
10
19
41
17
78
18
70
21
68
20
49
11
2
15
29
16
72
14
7
23
15
19
4
16
49
20
27
21
59
15
48
14
14
22
9
31
14
22
64
24
40
15
57
15
79
16
75
20
5
19
40
18
45
20
6
14
76
16
5
16
33
23
46
23
71
15
31
16
9
25
1
22
3
17
28
14
60
15
10
19
73
19
16
26
52
15
27
25
61
23
27
19
71
20
19
25
21
24
48
15
14
20
68
19
17
22
11
22
18
21
28
13
9
17
41
22
80
16
26
25
11
20
62
18
30
25
11
22
48
16
51
15
62
23
32
33
1
25
68
25
66
16
33
17
59
17
8
24
15
20
39
21
36
21
53
15
20
19
46
19
13
24
32
24
9
16
46
18
13
28
28
24
47
19
63
15
8
17
23
22
76
20
46
30
29
18
51
29
47
24
68
20
73
21
43
28
23
29
40
18
44
21
50
20
69
24
5
25
23
25
79
14
49
20
23
26
25
18
20
29
73
21
5
19
47
27
7
23
49
19
33
16
28
25
7
35
79
28
19
29
10
17
49
18
18
19
28
25
13
23
17
22
35
23
75
16
34
21
64
22
16
25
7
26
1
20
40
22
31
32
57
25
61
21
12
16
45
18
41
26
1
21
52
31
32
19
53
31
65
26
42
21
49
23
26
29
26
31
17
19
59
23
46
23
28
25
28
30
58
26
23
15
18
24
31
27
39
20
43
30
78
23
36
20
18
29
49
24
51
22
50
17
11
27
1
36
61
32
8
30
49
18
24
23
31
21
19
26
47
27
52
25
37
24
7
18
77
28
7
24
53
27
30
27
61
24
8
26
62
33
26
27
69
26
33
17
35
20
11
27
72
22
77
32
54
21
1
32
4
27
33
24
27
24
46
31
66
33
38
20
35
25
42
24
21
29
37
32
45
27
42
16
16
27
51
30
45
23
36
31
74
25
46
23
11
34
6
26
50
23
77
20
45
29
56
37
21
33
78
31
12
22
62
26
9
24
44
27
26
28
77
26
38
27
64
19
38
29
20
25
7
28
37
29
21
25
69
30
58
34
68
32
38
27
58
18
48
22
45
28
56
23
21
35
62
24
50
33
42
29
58
28
22
25
68
34
40
36
1
27
50
28
55
26
43
30
59
34
1
29
52
17
23
28
4
32
24
26
4
33
1
27
27
24
23
36
74
28
20
27
18
21
18
30
10
43
31
36
5
32
41
24
35
29
45
27
6
33
51
29
27
30
58
28
28
24
18
30
51
26
30
29
10
34
33
28
24
32
49
35
18
33
40
28
57
19
57
26
35
29
64
25
80
36
16
33
13
34
12
30
29
30
56
28
22
35
46
37
55
28
58
29
34
27
12
31
15
36
55
31
18
19
52
30
14
33
19
28
5
34
61
28
34
25
69
37
64
31
4
29
31
25
32
33
29
47
29
37
51
35
34
25
40
32
66
32
69
34
33
32
79
31
54
29
30
25
14
31
17
28
77
31
61
35
66
32
28
33
38
36
29
34
24
29
49
20
55
27
16
30
62
27
8
37
59
34
30
36
3
32
6
32
10
29
59
36
76
38
21
32
52
32
21
31
54
32
60
40
8
35
75
22
55
31
73
34
43
30
27
39
53
32
21
31
64
39
52
32
52
30
62
27
44
34
12
48
76
39
43
36
59
27
60
36
2
33
68
38
72
34
63
32
8
32
63
26
25
32
34
29
36
35
1
39
26
35
4
35
69
37
30
36
23
30
23
24
29
31
80
31
39
28
34
41
26
35
21
37
34
33
71
34
34
30
13
37
35
41
31
34
63
33
25
32
67
33
73
41
7
38
67
24
50
35
55
37
57
31
37
41
52
34
52
35
52
40
25
34
54
31
63
28
16
35
4
50
62
42
62
37
26
31
43
37
42
36
54
39
63
36
80
33
71
34
37
32
56
33
43
31
1
37
79
40
62
37
75
36
21
39
35
38
67
34
77
27
74
33
44
33
17
29
3
42
36
37
75
38
18
37
12
35
38
31
3
39
68
43
72
35
74
34
43
33
23
38
53
42
30
39
27
26
25
37
1
38
52
32
72
44
9
35
70
39
38
41
62
38
6
33
8
32
79
36
28
51
9
45
9
39
2
32
51
39
13
37
23
41
24
37
28
35
56
41
60
33
35
36
10
33
62
38
18
43
23
38
79
38
10
42
42
40
54
36
53
29
9
34
67
34
40
30
59
43
27
40
18
39
31
41
39
36
59
33
32
41
30
44
42
37
37
36
60
35
65
39
38
44
15
40
39
30
77
41
69
40
40
33
73
45
37
36
22
40
65
42
68
40
62
34
30
34
2
40
13
52
70
46
38
40
5
36
22
41
80
38
5
43
48
40
5
36
18
47
80
34
52
37
63
35
20
40
70
44
30
39
52
44
30
43
7
45
42
37
37
30
67
36
5
38
33
34
78
47
71
44
67
42
39
43
23
40
39
35
9
42
45
48
46
39
3
38
29
36
63
42
27
45
64
41
74
31
76
42
62
43
29
34
11
46
50
38
48
41
16
45
36
41
7
35
35
36
7
42
19
53
15
47
34
42
74
37
31
42
29
41
11
45
57
41
75
37
80
51
43
35
54
39
58
38
39
41
14
47
54
42
61
47
70
44
78
46
9
41
22
34
80
38
59
46
53
35
2
49
73
45
65
43
1
46
14
43
36
42
6
45
3
49
57
44
64
39
16
37
40
44
10
46
9
43
80
36
34
43
74
44
42
38
19
48
22
40
80
42
33
46
29
42
61
37
80
41
58
43
39
54
8
48
47
45
11
43
69
44
70
43
37
46
69
42
23
42
1
52
59
36
43
41
80
39
18
42
76
48
79
45
37
48
41
45
73
49
33
44
25
38
47
39
48
47
36
38
65
50
57
46
2
44
36
48
22
47
17
43
33
47
27
51
41
47
57
40
14
40
37
46
35
47
75
46
53
37
3
45
65
49
50
46
18
49
66
41
17
43
72
48
18
46
70
40
9
42
52
46
24
55
78
49
12
48
33
45
16
45
50
44
12
47
38
43
49
43
79
53
65
38
13
44
68
40
58
43
36
50
19
46
72
49
73
46
80
50
66
46
36
45
21
40
32
49
43
42
48
51
48
47
26
45
45
49
72
48
9
44
75
48
6
52
29
49
30
41
67
45
57
47
2
48
22
47
73
38
29
46
45
50
71
47
70
51
30
42
8
44
28
50
70
47
17
43
58
44
10
48
22
58
34
54
58
49
80
47
58
48
28
51
42
50
8
44
9
44
6
55
66
39
58
45
14
41
52
44
13
52
7
47
74
50
20
47
41
51
78
48
40
46
4
41
25
50
46
45
69
53
49
50
5
46
53
51
74
49
46
45
8
49
9
53
26
50
24
42
12
47
56
49
19
52
28
48
8
40
21
47
13
52
22
48
47
52
49
43
1
47
19
51
33
51
41
44
54
45
1
49
63
59
38
55
11
53
8
48
28
52
46
52
49
53
74
50
20
46
60
57
73
40
71
46
42
44
56
45
80
53
68
52
23
51
4
48
76
52
5
50
42
48
32
42
13
51
51
47
6
54
41
53
15
47
17
52
44
50
67
48
64
50
17
54
16
51
53
43
30
48
35
50
66
54
32
50
33
43
61
48
24
54
13
51
38
55
64
45
28
49
43
53
45
53
71
45
5
47
21
54
14
65
50
56
2
54
39
50
46
54
73
53
18
55
80
52
66
47
44
59
46
41
27
47
18
47
4
46
75
55
51
53
39
53
27
50
15
53
35
51
72
50
37
43
78
53
6
48
39
55
30
56
4
48
44
54
51
52
57
50
38
53
56
57
45
52
60
46
73
49
79
51
64
55
3
51
55
45
44
51
59
57
21
53
16
56
24
48
69
51
44
55
61
56
28
53
29
52
9
57
18
66
4
57
16
56
21
51
53
55
49
54
36
58
1
53
57
48
33
61
27
42
24
48
67
48
34
47
6
57
22
56
70
55
67
51
70
54
2
52
80
52
6
44
52
60
32
49
28
56
23
58
49
52
62
56
26
56
37
51
5
54
4
59
73
53
75
47
13
51
27
52
26
56
65
53
25
46
74
53
47
58
17
55
80
57
46
56
61
53
13
56
17
59
21
57
22
53
47
59
62
67
52
58
79
57
63
53
25
59
48
55
32
59
21
54
19
50
49
62
45
48
61
50
59
50
74
49
33
58
67
57
13
56
79
52
10
55
25
55
71
55
70
46
54
62
70
52
24
58
76
60
69
56
67
57
53
60
80
52
62
57
32
60
77
56
79
48
59
52
48
53
14
57
44
56
71
48
19
54
39
60
68
56
42
59
47
57
59
55
8
57
37
60
14
58
76
56
31
61
41
68
40
59
7
59
54
56
5
61
10
57
14
62
64
55
51
53
30
63
74
49
63
51
15
52
51
55
28
59
55
58
80
58
74
53
23
58
18
58
67
56
71
53
40
64
50
54
12
60
79
64
55
57
38
58
63
61
6
53
65
60
28
61
30
58
12
49
2
53
36
55
43
61
60
57
29
50
40
56
35
61
2
59
65
60
33
58
26
56
61
58
80
63
25
60
24
57
38
63
61
69
35
60
22
61
28
57
50
63
71
58
17
63
18
56
7
55
39
65
57
50
49
57
23
54
76
61
42
60
44
59
19
60
63
54
63
59
59
60
5
60
25
58
57
65
12
55
17
61
25
66
35
58
35
60
11
64
40
58
63
61
13
62
22
60
22
54
4
54
72
58
24
62
4
59
32
51
14
57
28
63
27
60
22
62
4
59
13
60
2
62
39
65
24
63
43
60
56
64
42
70
12
63
52
67
67
58
27
64
56
60
66
64
25
58
1
58
19
66
29
51
23
60
27
55
54
63
11
64
75
60
27
62
26
55
56
60
22
62
41
62
77
62
3
68
24
59
45
62
20
67
17
59
70
64
9
66
75
60
16
66
42
63
43
61
8
55
63
56
19
59
31
65
52
61
20
54
63
59
46
66
63
61
28
64
3
62
64
65
79
63
43
66
32
65
37
61
50
65
57
71
20
64
63
69
38
62
78
65
34
61
56
65
79
59
54
59
50
67
12
55
3
62
60
57
70
65
31
65
48
64
5
63
17
56
44
61
79
64
7
64
13
64
43
69
3
63
25
63
31
68
78
60
25
66
13
67
14
64
12
67
18
64
79
64
80
62
22
61
75
60
75
68
77
63
60
58
75
60
42
67
15
62
35
66
8
65
63
66
78
67
12
67
55
66
40
65
8
66
38
72
16
65
41
70
19
65
21
66
35
62
21
70
62
60
70
60
9
68
76
56
65
64
70
61
9
66
45
66
63
65
9
64
57
59
43
66
45
65
47
65
24
65
76
70
66
65
9
64
14
69
77
62
59
68
62
69
15
65
79
69
78
65
63
65
61
66
44
65
4
66
51
69
24
66
44
59
22
62
25
68
58
64
53
67
67
70
37
67
22
68
57
71
36
68
19
66
68
69
46
73
24
66
26
71
23
68
10
67
5
63
22
71
9
61
41
62
73
69
31
58
2
66
36
66
48
67
9
67
43
70
43
65
68
61
39
67
39
68
31
66
54
66
42
71
18
68
10
67
38
70
9
63
40
72
8
70
62
66
7
71
72
67
5
67
65
67
71
66
34
68
78
71
49
67
62
61
68
67
20
71
76
66
10
68
60
71
45
68
32
70
4
72
47
69
70
67
71
70
6
74
53
67
60
72
70
69
2
70
26
64
30
72
39
65
24
64
12
70
78
61
1
67
53
69
59
68
19
68
69
72
73
66
65
66
64
69
53
70
44
68
63
68
58
72
26
69
79
68
43
72
72
66
50
74
45
73
16
68
44
72
39
69
7
70
56
68
62
70
61
70
63
72
37
69
21
66
58
69
15
72
54
67
15
69
2
72
71
72
60
71
30
73
38
72
1
68
3
73
64
75
68
69
33
73
42
71
20
71
76
65
61
73
31
66
29
65
16
72
44
68
68
70
73
72
75
69
16
71
40
73
78
67
29
71
48
71
73
72
6
69
30
69
21
73
67
71
33
70
63
74
54
68
9
75
2
75
54
69
10
73
19
71
66
71
51
70
39
72
5
71
50
74
36
71
35
68
7
70
3
75
35
70
24
74
69
75
50
74
6
73
5
75
56
74
38
69
53
74
27
76
75
71
14
74
20
72
56
72
25
69
29
74
35
67
38
69
40
74
21
70
79
73
65
76
22
72
77
72
36
74
59
68
60
75
31
72
49
75
59
73
59
72
56
74
61
74
40
71
65
75
64
70
10
76
37
76
13
70
52
74
50
73
80
74
45
71
58
74
41
74
4
76
70
73
69
70
64
72
2
76
65
73
79
75
68
76
54
75
24
74
50
76
26
76
46
71
26
75
44
77
44
73
55
75
78
73
34
74
40
72
67
76
71
73
67
73
48
75
52
71
26
74
3
77
50
73
41
73
41
76
42
71
76
77
37
75
71
76
54
74
23
73
39
75
79
75
22
72
55
77
40
73
28
78
57
77
41
77
27
76
79
75
11
75
77
72
18
75
14
76
18
77
10
74
7
76
66
73
56
77
10
75
61
76
54
77
73
76
54
75
48
77
8
78
59
72
67
76
15
78
72
74
23
76
46
75
38
76
67
74
31
77
78
75
78
74
25
77
17
72
80
75
45
78
64
78
62
74
50
77
29
76
11
78
17
77
32
77
61
76
52
78
37
77
58
78
74
73
11
78
28
79
77
79
3
79
76
78
30
78
7
77
33
76
27
73
28
76
73
77
58
79
54
79
34
77
12
79
17
78
41
77
14
77
10
79
29
77
66
76
58
78
42
79
79
73
60
78
49
79
3
77
28
77
55
76
68
77
77
75
78
79
17
76
68
76
43
78
79
77
42
78
32
79
57
79
49
78
31
80
57
77
3
80
62
79
4
80
26
79
56
79
14
79
44
80
19
75
9
80
11
80
21
80
59
80
8
79
77
80
58
80
68
78
16
76
77
78
3
80
49
80
11
80
65
78
78
80
48
80
49
79
40
78
31
80
79
78
31
77
13
79
75
80
26
78
77
80
20
80
43
80
65
80
61
77
75
80
68
78
51
80
