%%MatrixMarKet matrix arrary real general
100 25
14
1
10
1
9
2
30
2
11
1
31
1
50
2
24
2
12
3
26
1
14
5
4
5
36
4
13
1
31
1
35
1
8
2
42
6
6
1
44
2
40
4
16
1
29
1
15
1
21
1
1
2
49
7
2
1
5
1
5
2
27
2
26
1
23
3
23
3
43
2
32
5
28
2
20
5
22
1
35
1
11
1
46
1
25
2
38
8
32
2
10
2
49
1
29
3
19
2
36
1
19
2
35
2
40
5
1
5
34
2
46
2
20
5
11
3
2
6
16
3
1
9
41
9
13
6
32
2
10
3
12
2
48
3
35
7
24
2
38
6
13
6
24
2
11
2
12
8
35
4
15
3
5
9
5
3
12
2
24
4
47
3
30
2
20
4
49
4
1
3
34
7
4
3
1
6
11
2
43
2
48
2
50
2
45
6
14
9
16
3
12
4
19
5
2
4
24
6
22
4
28
5
28
4
19
8
15
6
45
3
13
6
6
8
39
8
10
8
21
6
25
12
46
11
19
7
46
3
47
4
22
5
23
4
47
8
32
3
14
8
34
11
48
4
16
3
34
9
8
7
42
4
42
10
23
4
50
3
18
8
21
6
39
3
24
6
43
5
27
4
39
8
32
6
7
8
6
3
34
5
28
5
14
7
3
11
25
13
12
6
29
7
37
8
1
5
13
8
10
7
43
6
8
9
16
10
14
7
14
9
18
8
4
11
31
10
11
13
33
7
49
16
13
12
5
8
26
4
50
6
11
7
37
5
4
10
4
5
25
9
9
12
25
5
34
4
25
10
43
9
38
5
16
13
42
9
16
4
20
11
20
7
35
5
44
7
12
6
45
7
13
11
24
8
18
10
4
5
6
7
7
6
40
8
34
12
28
17
18
7
17
8
39
9
18
7
29
10
37
8
10
8
44
11
28
11
38
8
5
12
38
10
12
13
15
14
21
15
4
8
3
19
8
14
45
9
48
5
17
7
40
8
19
6
3
11
17
7
45
12
45
14
39
8
38
6
31
14
6
10
49
6
11
14
49
10
27
8
14
12
44
9
7
6
39
8
11
9
23
8
35
14
34
10
35
12
16
7
9
8
39
9
30
9
15
13
2
18
17
9
11
9
27
10
12
9
3
17
24
12
41
11
43
13
46
12
12
9
32
15
45
12
36
14
33
16
7
17
11
14
43
22
2
17
1
10
24
6
45
8
15
10
25
7
26
13
11
8
46
17
42
15
33
9
20
7
42
16
45
11
22
7
19
17
35
11
48
9
7
13
48
12
44
8
48
12
39
10
5
9
1
16
38
12
34
14
35
8
21
10
44
10
24
11
50
14
7
21
14
13
30
13
32
11
6
10
14
20
3
14
42
12
6
14
6
14
32
10
24
16
43
14
15
16
13
20
18
19
13
15
4
23
48
19
26
11
42
8
36
9
4
14
10
11
18
14
13
10
5
18
5
17
28
10
43
9
13
18
28
13
36
9
4
18
50
16
37
11
40
15
37
18
34
9
49
16
13
14
22
10
43
21
17
13
23
17
13
12
46
11
40
12
33
12
30
17
20
22
11
19
40
14
18
12
44
11
12
21
31
15
29
16
36
16
13
15
39
11
35
17
33
15
42
18
41
22
16
20
12
17
13
24
28
21
33
12
19
9
11
12
36
17
9
12
22
15
25
12
4
19
8
19
32
13
44
10
33
19
15
17
32
12
1
21
38
17
38
13
10
19
8
19
37
11
15
18
31
15
26
12
19
22
16
14
19
21
21
15
26
12
23
13
6
13
22
19
3
23
24
20
26
15
21
13
49
13
5
26
28
17
27
17
20
17
25
17
40
13
41
19
22
16
7
21
45
23
29
22
50
19
37
26
1
24
37
14
21
10
29
13
37
18
33
13
16
17
36
15
48
20
46
21
18
14
36
13
48
20
3
18
46
16
6
22
24
18
6
14
41
22
40
22
29
12
1
19
17
19
42
16
4
25
9
18
2
22
29
19
16
13
35
14
28
15
8
20
5
24
8
21
37
16
23
16
33
15
23
27
2
18
3
20
23
18
26
18
3
18
46
22
3
17
19
22
27
25
41
23
18
20
6
28
42
25
2
17
16
12
35
14
6
20
50
14
9
19
30
16
16
21
35
24
50
17
41
14
11
22
12
20
28
18
8
23
39
20
10
15
6
23
10
23
16
15
5
21
24
20
40
17
15
26
7
20
36
24
18
23
47
17
49
15
29
20
36
21
19
26
1
22
39
18
38
20
20
17
34
28
5
21
9
21
41
19
21
22
31
19
50
23
26
19
43
23
19
26
5
24
27
24
8
29
16
26
27
18
36
14
5
18
13
21
18
15
45
20
46
20
29
22
27
26
46
19
35
17
47
23
14
24
23
19
25
24
29
21
40
19
3
25
14
24
27
17
28
22
44
21
14
18
12
27
15
21
3
27
27
25
4
18
41
16
19
21
16
23
4
27
15
23
46
19
6
22
28
19
11
30
16
26
7
22
50
21
20
23
45
21
20
25
36
21
10
24
4
29
1
25
23
25
18
30
32
27
35
23
7
15
26
19
24
26
1
16
30
21
18
22
30
23
37
28
49
23
28
19
50
24
47
27
10
24
34
26
26
22
47
21
16
26
33
26
13
18
11
25
18
25
44
20
24
28
29
22
50
29
10
26
28
20
29
17
41
22
7
27
1
29
35
25
5
21
28
24
14
21
18
31
11
27
44
23
29
22
49
27
4
23
13
26
4
24
30
27
17
30
34
26
5
28
35
31
15
29
34
24
43
17
20
21
41
27
32
20
48
24
31
27
1
24
3
29
42
26
15
21
26
27
37
29
21
25
20
27
47
25
49
22
21
27
25
28
24
19
9
31
29
27
50
24
20
29
44
23
26
30
48
30
3
22
45
18
36
23
49
28
32
30
48
26
43
22
7
25
35
24
43
32
25
30
15
24
7
25
38
31
36
25
21
28
11
27
47
29
21
32
50
28
39
29
32
34
38
30
21
25
49
22
27
22
25
28
31
26
12
27
35
29
28
27
23
30
43
27
12
23
40
28
22
30
50
26
28
29
31
28
24
25
33
29
1
29
42
22
13
32
2
28
13
28
2
31
1
30
15
31
44
32
44
23
50
19
10
25
10
31
6
31
47
27
3
23
42
26
41
25
25
33
45
32
48
26
15
26
32
33
48
26
10
29
28
30
17
31
5
34
44
30
44
30
27
36
10
31
22
29
31
25
32
23
19
31
35
28
36
28
9
37
7
31
7
31
41
29
31
24
49
29
26
31
30
27
32
30
19
30
7
26
9
30
30
31
10
23
29
33
8
33
11
29
3
33
33
31
43
32
39
34
50
24
3
21
17
27
18
33
16
33
49
28
28
25
50
29
22
26
36
35
48
33
18
31
30
27
30
36
16
27
8
33
9
32
3
33
42
36
36
31
49
32
21
38
40
33
49
30
47
27
30
28
9
32
34
29
5
29
48
38
41
32
2
32
3
30
5
25
32
30
46
32
11
31
37
31
12
32
29
30
37
31
5
32
40
25
30
34
38
34
46
30
41
36
39
35
11
33
45
36
39
25
38
22
44
31
24
35
45
34
40
29
24
27
45
30
32
30
1
38
46
34
25
32
34
31
4
37
34
28
47
36
47
34
49
35
1
37
14
32
2
34
17
39
35
34
39
31
50
29
16
33
29
34
21
30
44
33
14
39
11
33
18
33
15
31
18
26
7
36
19
33
17
34
39
36
13
33
23
31
36
32
4
36
28
31
27
35
30
35
31
33
38
37
50
36
28
37
28
37
14
27
46
25
34
32
9
38
46
36
33
30
33
31
14
33
23
31
42
39
29
35
33
35
47
32
24
39
20
33
30
38
23
35
1
37
9
40
33
35
9
35
11
40
18
36
20
32
23
30
44
34
23
42
43
39
2
34
19
40
43
34
10
36
6
35
45
27
2
37
25
34
13
35
3
41
48
34
43
34
28
35
16
38
14
32
37
36
1
36
48
34
42
40
5
37
40
38
20
38
33
29
36
26
4
35
39
40
15
37
5
31
41
32
2
34
27
34
7
40
13
38
13
36
45
33
29
41
42
35
18
39
5
37
32
38
35
43
37
40
36
37
41
42
22
37
28
38
28
33
40
37
33
43
36
41
31
37
34
41
10
35
16
38
20
36
42
30
17
38
16
36
45
37
38
43
37
36
28
35
47
38
43
39
20
33
41
38
16
37
21
35
17
44
19
41
46
39
40
41
40
30
32
27
16
37
1
41
35
39
45
34
20
38
3
35
46
37
16
41
47
39
34
37
3
37
50
42
24
41
27
40
42
39
39
40
38
44
43
42
42
38
15
44
50
39
50
40
38
35
25
38
3
44
17
42
46
39
26
42
26
37
20
39
12
37
33
32
5
39
23
38
40
39
2
44
15
40
33
36
46
39
34
41
43
36
40
42
32
40
15
37
6
45
26
42
25
41
9
42
19
31
4
30
18
38
4
42
10
40
42
36
47
42
15
36
16
42
15
44
6
40
47
38
42
38
7
43
22
43
31
42
29
40
34
41
7
46
27
45
31
40
7
45
7
43
47
41
11
37
48
39
30
45
27
44
1
40
21
43
15
39
1
41
7
38
47
37
3
41
2
39
29
41
33
45
8
41
20
39
50
42
35
42
21
38
17
43
46
41
32
38
10
46
11
43
16
42
17
43
15
36
31
33
42
39
29
43
44
41
4
38
35
44
40
41
38
43
9
46
19
41
39
40
12
40
1
44
29
44
37
43
25
41
9
44
12
47
39
46
41
43
20
46
23
44
16
42
34
39
24
41
39
46
40
45
38
41
28
44
49
40
48
44
11
40
8
39
35
43
40
41
20
43
35
46
7
43
18
41
17
43
17
45
50
45
2
45
26
42
25
39
9
47
25
45
9
44
24
46
37
38
24
34
5
43
26
44
12
42
10
39
6
45
17
43
8
45
37
47
44
42
49
45
24
46
34
45
37
46
6
44
49
44
28
45
18
48
9
47
22
46
33
47
3
45
48
43
18
41
43
42
16
47
38
46
23
43
23
45
13
42
22
47
34
44
40
46
21
44
42
44
14
44
15
47
27
44
32
42
1
44
11
46
48
46
14
46
22
45
19
41
30
48
40
46
4
45
14
47
32
41
8
37
49
45
5
46
11
43
46
41
36
48
31
46
40
47
45
48
20
43
4
46
5
48
3
47
47
49
7
48
7
48
25
46
6
49
4
48
10
47
10
48
20
47
15
44
40
44
2
46
49
48
22
47
25
49
49
47
3
47
25
49
22
45
22
48
4
45
5
49
33
47
12
48
6
45
46
44
34
48
13
49
4
47
10
47
7
48
36
47
23
49
47
48
49
47
31
49
42
48
20
42
26
47
32
47
49
47
37
44
34
49
4
47
39
48
22
49
23
49
30
50
39
49
35
48
17
50
4
49
20
50
26
48
28
50
38
49
45
48
2
50
6
49
3
46
20
45
15
49
38
50
24
49
32
50
33
50
36
50
43
50
21
47
49
50
6
46
48
50
8
48
40
50
14
46
17
45
45
49
15
50
41
49
26
50
47
50
6
49
18
50
27
49
13
48
33
50
45
49
43
47
3
48
37
48
50
48
43
50
1
50
44
48
36
50
4
50
9
50
