%%MatrixMarKet matrix arrary real general
100 16
9
1
6
1
6
1
19
4
7
1
20
1
32
1
15
1
8
2
17
1
9
5
3
2
23
2
9
1
20
1
22
1
5
2
27
1
4
1
29
5
26
7
10
1
19
1
10
1
14
1
1
2
32
6
1
2
4
1
4
1
17
3
17
1
15
2
15
2
28
2
20
4
18
2
13
3
14
1
22
1
7
1
30
1
16
1
24
5
21
2
6
1
32
1
19
3
12
4
23
1
12
3
22
2
26
2
1
5
22
2
30
3
13
6
7
4
1
5
10
2
1
6
26
4
8
4
20
2
7
2
8
3
31
3
23
4
16
3
24
6
8
9
15
3
7
2
7
2
22
6
9
3
3
8
3
4
8
2
16
3
30
4
19
2
13
4
31
3
1
4
21
5
3
6
1
4
7
2
28
7
31
3
32
2
29
3
9
6
10
3
8
4
12
2
2
5
16
5
14
4
18
7
18
3
12
3
9
6
28
6
8
4
4
8
24
5
7
12
13
4
16
7
29
6
12
5
29
3
29
4
14
6
15
4
29
5
20
6
9
7
21
10
30
4
10
4
22
3
5
10
27
4
27
9
15
5
32
5
11
7
13
7
25
3
32
8
27
5
17
5
25
6
20
7
5
7
4
9
21
8
18
4
9
3
2
6
16
7
8
4
18
5
23
3
1
6
9
7
7
8
27
10
5
7
10
5
30
10
9
8
12
7
3
10
19
6
30
14
21
5
31
11
8
7
3
6
17
5
19
5
7
11
23
7
3
7
2
12
16
10
6
11
16
5
21
5
16
4
27
11
24
7
10
12
26
7
10
11
13
8
31
9
22
4
27
10
7
6
32
9
8
10
15
8
11
9
3
11
4
10
5
8
25
6
21
7
17
10
11
12
11
9
24
5
11
9
18
11
32
10
6
11
27
9
17
7
23
11
3
10
23
9
7
12
10
12
13
15
3
6
2
12
5
10
27
9
28
6
11
6
25
12
12
8
2
8
11
13
27
11
27
13
24
6
23
9
19
5
4
15
31
8
7
13
31
8
17
13
9
10
27
10
5
6
24
11
29
9
14
10
22
12
21
11
22
15
10
13
6
11
24
9
18
7
9
8
1
13
31
13
7
10
17
6
7
12
2
14
15
11
25
13
26
10
28
9
8
12
19
12
27
10
22
14
20
13
4
16
7
9
26
13
1
11
1
10
14
7
27
8
9
15
30
9
16
10
7
14
28
12
25
14
20
7
12
11
25
9
29
16
13
10
11
17
21
9
3
14
32
12
29
11
26
8
14
17
23
11
3
11
1
14
23
12
21
16
21
16
13
12
26
10
15
8
15
10
4
14
9
15
30
13
19
7
4
13
30
15
2
16
29
15
4
11
4
13
32
13
14
13
25
11
9
15
8
14
11
19
8
11
3
15
28
12
15
13
25
8
22
9
2
16
6
11
11
12
8
19
3
13
3
16
29
12
26
13
8
11
17
18
21
11
2
19
32
11
22
16
24
14
22
12
20
10
12
19
8
12
13
16
30
15
10
13
14
17
8
18
31
16
28
11
20
10
18
11
12
15
6
16
24
16
11
8
26
14
8
17
19
18
17
19
21
14
8
18
28
14
21
15
32
16
25
17
30
17
10
21
27
14
8
18
17
13
20
14
11
15
31
10
21
17
32
13
13
14
15
22
2
14
5
17
19
14
25
14
20
12
9
19
19
14
1
20
22
12
26
18
6
15
5
16
29
11
9
20
18
13
15
18
11
16
9
19
12
18
12
19
15
17
14
12
4
12
13
17
2
18
14
17
15
17
31
9
30
15
3
20
17
20
16
21
12
17
14
19
25
15
23
16
13
17
30
18
29
18
17
22
15
16
22
20
27
14
21
16
12
18
17
12
28
18
19
14
9
17
21
23
8
17
24
18
11
18
29
17
27
15
2
21
28
17
4
21
14
17
27
19
26
18
23
19
32
12
1
21
10
16
24
19
3
17
5
24
2
19
17
20
9
19
20
13
16
13
5
19
3
19
5
18
22
19
14
13
32
17
13
21
27
21
2
22
13
19
15
22
2
16
30
17
2
18
11
20
32
21
23
24
31
18
27
23
24
15
28
17
32
19
32
13
4
19
25
21
6
19
17
24
30
18
20
19
9
21
28
18
6
17
7
23
16
18
5
23
25
18
6
20
27
19
6
20
9
14
3
22
14
17
23
20
9
18
4
26
20
23
28
22
29
20
16
17
17
14
31
20
11
20
1
23
26
21
22
18
29
18
19
22
3
22
5
23
23
20
30
24
17
20
32
18
15
19
24
21
11
23
3
25
24
19
4
24
9
16
26
22
31
21
3
18
31
20
10
22
15
20
9
25
32
19
15
22
22
23
20
22
14
18
8
24
30
20
14
24
16
19
25
21
2
20
8
21
15
16
16
23
26
19
8
22
7
19
25
27
24
25
15
23
3
23
23
19
11
22
28
23
32
21
27
24
32
23
4
20
16
20
6
23
9
25
4
24
32
24
11
25
7
21
11
20
26
21
5
23
2
25
31
26
12
20
10
25
18
21
19
25
4
22
14
23
13
26
1
24
32
21
10
26
22
20
23
28
13
25
15
24
26
21
31
25
5
22
18
25
24
20
9
23
28
21
18
24
7
18
6
25
24
20
12
25
13
23
16
28
29
27
6
25
25
24
22
21
24
23
4
25
28
23
19
25
3
25
15
21
8
21
10
26
6
26
14
26
16
25
21
27
3
22
31
24
28
22
16
27
9
26
18
27
28
22
19
28
30
22
18
29
10
23
28
24
23
27
17
26
28
22
31
27
1
21
2
29
32
26
8
27
30
24
20
26
12
23
30
26
13
27
7
24
30
22
14
25
13
21
5
26
32
21
29
26
26
24
22
29
26
28
30
26
2
26
15
27
19
26
14
26
29
25
7
26
14
27
30
26
24
25
25
27
13
28
8
28
28
29
20
29
26
24
25
26
6
24
2
28
22
27
6
28
29
23
17
29
20
23
11
30
30
24
21
25
24
29
16
27
31
24
18
28
15
23
12
30
17
27
6
30
13
28
12
28
32
25
15
28
23
28
12
28
17
23
1
26
30
23
7
28
1
22
7
27
27
28
1
30
8
30
31
27
5
27
6
29
5
27
24
27
22
26
22
28
2
28
25
27
10
27
24
28
24
29
20
30
8
30
16
31
27
29
5
27
14
29
26
29
3
28
9
29
25
30
14
30
31
25
24
31
16
26
16
26
10
30
18
28
18
25
5
29
4
25
4
31
8
28
16
31
23
31
13
30
15
26
16
29
10
29
30
29
5
25
15
28
28
24
30
29
4
25
6
30
2
31
17
31
10
31
5
29
18
30
2
30
31
28
22
30
8
30
30
29
20
29
10
28
23
28
29
31
5
30
32
31
15
31
23
32
18
31
4
29
5
31
19
31
16
31
20
32
26
32
21
32
19
32
7
32
13
27
15
30
5
32
20
29
30
26
30
32
31
26
1
32
2
31
3
32
29
32
3
32
6
29
22
31
6
30
15
31
31
29
2
32
27
31
18
31
30
28
21
31
29
32
14
32
6
32
24
32
14
32
25
32
21
29
12
32
27
31
20
32
12
31
16
29
22
31
1
32
12
31
