%%MatrixMarKet matrix arrary real general
100 30
16
2
12
1
11
2
36
2
13
1
37
1
60
2
28
2
14
3
31
1
17
2
5
3
43
5
16
1
37
1
41
1
10
2
50
1
8
1
53
6
48
4
19
1
35
1
18
1
25
1
1
2
59
3
2
1
6
1
6
1
32
4
31
1
27
3
27
2
52
2
38
1
33
2
24
6
26
2
42
1
13
1
55
1
30
3
45
10
39
2
12
2
59
1
35
4
22
2
43
1
22
3
42
2
48
3
1
3
41
2
56
2
24
6
13
3
2
4
19
2
1
6
49
6
15
7
38
2
12
2
15
2
58
3
42
8
29
2
46
7
15
5
29
2
14
2
14
5
41
5
18
3
5
6
6
3
15
2
29
3
57
7
36
2
24
4
59
4
1
3
40
6
5
4
2
7
13
3
52
2
58
2
56
2
54
9
17
11
19
4
15
4
23
4
2
5
29
4
26
2
34
6
34
3
23
6
18
6
54
3
16
3
7
8
47
6
13
7
25
4
30
8
55
11
23
8
56
4
57
7
27
3
28
5
57
9
38
3
17
8
41
7
58
3
20
3
41
7
9
10
51
4
51
7
28
4
60
3
22
5
25
8
47
3
29
5
52
5
33
4
47
8
38
6
9
10
7
4
41
3
34
6
17
4
4
12
30
14
14
5
34
9
45
6
1
6
16
8
12
5
52
7
10
8
19
8
16
7
17
4
22
6
4
10
38
10
58
9
40
7
59
10
16
12
6
9
32
5
38
8
14
6
45
6
5
11
4
5
31
11
11
8
30
5
41
5
30
8
52
12
46
5
19
9
51
5
19
4
24
14
58
9
42
4
53
8
14
6
55
5
15
9
29
9
22
12
5
6
7
6
9
7
48
5
41
15
33
18
22
8
20
11
47
9
22
8
35
10
44
10
12
8
53
11
34
13
46
8
6
7
46
8
14
11
19
11
25
10
5
9
4
11
10
14
54
10
58
6
21
9
49
7
23
8
4
13
21
6
54
12
54
12
48
6
46
8
38
10
7
13
59
6
13
11
59
7
33
8
17
16
53
11
9
5
48
10
13
7
28
7
43
11
41
10
43
13
19
9
11
9
48
8
36
7
18
16
2
20
20
9
14
16
33
10
14
9
3
11
29
15
50
15
52
14
56
14
15
9
39
8
54
10
44
15
40
14
8
11
13
10
53
12
2
17
1
12
29
7
55
10
18
10
30
9
32
14
13
7
56
14
51
14
40
10
24
9
51
11
55
14
26
7
23
12
42
10
58
10
9
19
59
12
53
7
58
14
47
8
6
9
2
16
47
12
42
17
43
12
26
10
53
10
29
9
60
17
8
22
17
11
37
17
39
11
7
10
17
14
3
17
57
17
7
15
7
15
40
10
29
11
52
11
19
16
16
15
22
12
15
11
5
18
56
22
32
13
51
8
45
11
5
12
12
11
21
16
16
9
5
16
6
16
34
11
53
10
16
12
34
16
43
8
4
15
60
12
45
11
49
21
45
15
41
8
59
15
16
11
27
10
52
18
21
13
28
20
15
14
56
13
49
12
40
10
37
21
25
24
13
12
49
18
22
12
53
12
15
18
38
18
36
18
45
17
16
17
49
11
43
12
41
15
52
18
50
18
20
17
54
16
16
19
35
23
41
14
23
10
14
13
45
13
60
13
28
17
31
10
4
22
10
17
55
12
52
12
58
17
18
19
39
9
1
17
47
13
46
14
12
25
10
16
46
10
19
16
39
12
32
12
24
20
19
14
60
26
25
17
32
14
28
17
8
11
27
24
4
27
30
16
32
19
25
13
3
13
6
21
35
19
33
20
25
20
31
20
50
12
50
19
27
17
9
20
55
20
35
19
33
18
46
21
58
25
46
18
26
11
36
16
46
17
41
14
20
19
44
12
18
23
52
18
22
13
44
13
42
23
4
22
56
10
8
18
30
14
7
18
51
28
49
19
59
11
1
18
21
15
60
15
5
21
11
16
3
27
36
18
20
15
43
19
35
12
10
25
6
28
10
24
46
21
29
15
41
18
28
23
55
21
4
21
29
21
33
22
4
13
56
20
4
18
59
23
33
25
51
24
22
21
7
23
1
26
3
19
20
12
43
17
8
19
53
15
12
22
58
14
19
24
44
19
20
14
51
16
13
24
15
23
35
13
10
21
49
18
12
21
8
30
13
20
20
12
7
20
30
18
50
16
19
23
8
17
45
29
22
20
8
16
35
20
59
16
45
26
23
29
1
26
54
22
48
16
24
20
43
24
6
22
11
24
28
22
26
29
38
14
14
21
33
19
53
27
23
27
6
26
52
23
9
24
20
29
34
21
45
13
6
18
16
20
22
16
33
23
56
17
36
25
34
22
49
17
54
17
31
26
17
26
28
16
31
22
36
20
50
24
4
31
17
22
33
14
35
22
17
19
18
19
57
27
53
18
4
30
34
21
5
17
51
21
23
19
20
28
5
31
59
27
56
24
7
17
60
23
13
25
20
24
9
26
60
23
25
30
55
22
25
22
45
20
12
28
5
29
1
28
28
26
22
25
40
30
44
24
9
19
32
19
29
22
1
17
37
26
23
20
38
26
46
25
57
18
60
18
19
27
53
27
12
20
42
24
33
21
20
26
20
32
41
24
16
15
13
26
22
20
56
21
30
28
36
22
25
33
59
23
35
21
36
22
51
21
8
29
1
32
44
28
6
25
35
19
17
26
60
26
14
28
54
27
37
24
50
32
5
23
16
23
5
21
38
29
21
30
43
29
6
27
44
28
19
32
60
25
53
21
25
22
51
24
52
18
58
27
51
22
1
27
3
27
23
24
19
21
33
29
47
29
27
21
25
26
52
22
59
28
27
33
60
26
30
17
11
30
36
23
53
22
26
29
54
23
32
34
8
24
4
25
50
23
45
24
32
33
40
34
15
29
53
27
8
21
44
27
7
27
31
30
19
29
9
26
27
35
45
25
27
26
14
24
5
30
26
31
15
30
29
32
40
29
18
33
27
29
41
28
34
23
32
26
40
21
15
29
52
26
35
28
30
29
41
25
15
22
32
34
28
31
60
23
35
27
39
23
30
29
42
34
1
28
37
22
17
31
3
25
17
23
3
33
1
24
19
35
16
27
12
27
14
24
13
25
13
34
7
37
57
31
3
28
52
26
25
29
32
34
4
33
53
30
19
30
40
36
20
27
60
28
36
25
21
31
7
32
23
33
17
34
34
31
13
34
28
30
40
30
40
26
25
28
57
25
46
30
11
30
9
29
9
31
21
27
39
27
15
35
32
33
38
24
41
28
24
25
9
31
11
35
38
29
13
23
36
32
10
26
14
24
4
34
43
26
53
37
49
29
45
28
3
25
22
27
22
36
21
38
56
32
36
29
24
27
28
32
46
38
13
34
23
31
39
33
38
37
21
31
10
31
12
26
57
33
42
34
46
34
20
36
26
32
50
36
17
31
34
31
58
27
11
35
43
26
6
31
41
33
21
30
2
32
4
31
7
28
53
36
56
35
15
25
36
29
15
26
38
32
47
37
6
30
34
24
38
33
37
28
30
25
51
35
37
27
14
38
45
30
36
30
54
26
43
28
31
38
9
39
50
34
30
33
41
28
52
33
1
39
48
39
32
35
43
35
5
39
43
33
18
33
23
28
25
35
1
36
18
37
3
37
49
33
21
37
16
33
60
33
20
28
38
36
27
32
24
35
18
36
15
32
24
33
60
36
23
31
9
37
24
37
22
30
44
30
17
27
47
34
53
38
5
31
52
25
50
34
38
31
39
29
48
36
49
28
36
40
52
31
18
31
38
29
44
31
11
40
3
41
43
35
43
35
18
30
30
36
59
40
37
40
43
37
57
36
52
41
26
35
55
34
30
32
1
37
12
37
48
39
12
38
15
35
24
38
26
35
55
37
42
29
30
37
54
34
2
36
25
37
55
39
13
36
8
37
26
32
2
39
46
38
17
32
54
32
29
31
16
35
36
39
21
33
19
26
47
39
1
32
35
31
54
37
7
31
50
41
60
32
60
33
4
30
6
32
52
42
19
44
7
38
51
39
2
31
50
37
9
42
16
41
60
39
46
38
45
42
41
37
24
37
7
34
42
40
43
39
16
40
46
39
51
36
28
39
37
36
36
39
50
35
31
40
59
35
40
38
47
39
13
40
21
37
26
38
40
33
22
40
21
40
50
33
48
33
41
34
37
36
26
40
56
35
27
29
6
40
58
33
54
34
22
39
25
35
15
44
35
37
50
34
42
32
20
33
2
43
60
46
18
40
26
40
3
32
15
39
20
44
47
42
44
40
4
40
12
46
32
44
35
40
29
35
13
41
22
41
21
41
35
42
20
39
60
41
52
38
25
42
49
39
4
42
50
37
3
39
35
40
34
41
26
38
16
39
43
34
6
46
30
42
31
36
2
37
19
35
48
39
18
41
44
36
38
32
37
41
42
40
20
36
7
41
34
39
48
46
11
38
24
38
5
37
50
34
5
44
13
47
52
41
23
41
20
37
21
42
19
45
7
45
38
41
27
41
10
47
29
47
36
42
39
38
26
43
9
44
36
42
41
44
50
41
9
42
57
40
15
43
33
41
39
43
36
38
43
41
28
43
20
42
1
39
9
42
55
36
4
47
2
43
57
37
43
45
11
38
27
40
7
43
54
37
28
40
23
42
57
43
49
37
13
42
15
42
21
47
51
39
19
39
41
39
37
39
39
46
26
49
6
42
31
42
51
38
16
43
12
47
25
46
49
42
16
44
1
49
39
48
58
44
50
40
49
45
54
45
49
44
24
45
27
42
31
43
22
45
17
44
31
44
47
44
24
39
45
44
48
45
2
43
55
40
15
43
11
38
52
48
49
44
48
41
38
46
9
40
25
41
23
44
23
39
35
44
2
43
35
44
58
38
12
45
60
44
11
49
33
40
47
40
33
40
57
41
35
48
16
50
54
45
8
44
54
40
11
45
33
48
8
49
25
45
32
47
44
51
56
51
9
45
48
42
48
46
24
46
57
45
30
48
14
43
4
45
48
47
24
46
53
46
21
48
29
42
55
48
53
46
58
44
47
43
46
44
6
45
28
49
57
45
19
42
20
47
50
43
42
43
2
48
14
42
18
45
57
45
51
45
26
41
59
46
20
45
5
51
56
41
43
44
11
44
38
42
7
49
15
51
23
46
38
45
58
42
38
46
41
49
27
51
5
46
6
50
4
53
19
52
38
46
9
43
34
47
8
49
5
47
14
49
13
45
27
46
20
50
52
47
3
47
50
53
55
44
34
49
32
49
3
48
35
45
50
45
30
47
45
50
6
48
54
44
16
49
8
44
54
49
13
50
18
46
6
48
49
46
9
46
46
42
31
49
32
46
1
52
46
42
22
46
27
45
49
46
1
50
43
52
25
47
7
47
5
46
19
47
30
50
32
52
10
47
13
51
9
54
24
53
51
47
55
44
36
50
57
51
53
50
53
50
3
47
8
48
4
51
27
48
56
48
9
54
33
46
56
51
27
50
10
49
57
49
28
51
59
48
44
54
11
50
11
45
34
50
55
45
23
51
10
52
43
47
21
51
44
51
54
48
8
43
25
50
56
48
18
54
28
47
29
48
31
46
3
47
14
51
42
53
33
48
1
52
53
49
48
51
5
51
58
53
14
48
18
54
28
55
30
54
57
48
49
51
3
51
35
52
32
52
58
51
60
48
54
51
39
53
22
49
24
51
23
55
4
47
25
52
19
54
37
50
28
50
33
52
29
49
25
55
36
51
29
47
40
53
16
46
13
52
46
54
2
48
39
55
28
52
34
49
13
44
10
53
40
50
23
55
44
50
23
51
18
47
18
52
6
53
12
54
3
51
10
55
14
50
34
55
31
52
23
54
1
51
48
55
21
57
17
57
15
49
13
53
22
54
4
53
60
54
47
55
38
52
47
52
2
55
14
50
4
52
33
56
20
48
18
53
15
55
57
51
20
53
47
53
42
50
3
56
3
54
34
49
39
55
37
48
17
53
56
57
40
50
49
56
21
54
29
53
11
45
32
55
57
51
31
56
48
53
54
53
60
52
14
53
55
56
36
55
36
53
13
57
43
55
40
56
37
54
50
56
13
56
49
56
43
58
28
58
32
52
31
57
17
55
48
56
38
55
8
56
57
55
7
53
49
56
18
54
5
54
34
57
19
49
47
54
42
57
33
52
58
56
35
54
37
56
20
57
20
58
53
52
60
56
53
56
44
55
55
58
27
51
54
57
12
55
24
55
40
48
44
56
30
52
39
57
57
54
49
55
57
55
30
54
19
57
48
56
37
55
5
58
34
56
54
57
53
55
9
57
28
58
31
58
18
59
34
59
5
53
60
58
32
56
17
59
31
56
57
59
54
56
15
57
11
58
35
57
30
59
52
58
31
51
7
59
24
59
47
59
23
59
7
56
4
57
21
59
39
59
40
55
52
57
54
57
22
56
45
59
34
52
50
58
25
56
41
56
59
51
17
58
58
55
16
58
10
55
37
57
16
56
15
58
23
58
35
58
21
58
50
59
44
57
31
58
57
56
11
59
55
59
5
59
24
60
42
60
30
59
47
59
39
58
58
60
27
59
43
60
37
58
44
59
42
59
3
59
15
60
59
60
7
56
10
60
34
60
45
60
42
60
32
59
25
58
43
60
8
60
14
58
14
58
32
58
5
57
15
60
3
55
43
60
9
60
50
60
47
57
14
60
3
59
8
59
1
58
58
59
15
59
26
60
47
59
57
59
49
60
48
60
36
60
49
59
36
58
36
60
