%%MatrixMarKet matrix arrary real general
100 35
19
2
13
2
12
2
42
2
15
4
43
1
70
2
33
2
16
3
36
1
20
2
5
4
50
5
18
1
43
1
48
1
11
3
58
1
9
1
62
8
56
2
22
1
41
1
21
1
30
1
2
3
69
4
3
1
7
1
7
1
37
2
36
1
32
2
32
2
60
3
44
1
39
4
28
7
30
1
48
1
15
1
65
2
34
3
53
2
45
2
13
1
69
1
41
2
26
2
50
1
26
3
49
3
56
3
1
3
48
5
65
2
28
4
15
3
2
4
22
2
1
4
57
7
17
6
45
2
14
2
17
3
67
4
50
11
34
2
54
9
18
5
33
2
16
2
16
9
48
2
20
6
6
7
7
4
17
2
34
3
66
4
42
2
28
4
69
4
1
4
47
4
6
5
2
8
15
3
61
2
68
2
70
3
63
5
20
7
22
3
17
3
26
3
3
5
34
5
31
2
39
5
39
5
27
4
20
4
63
8
18
3
8
9
55
4
15
5
30
5
35
7
65
8
27
8
66
3
66
4
31
6
32
6
66
12
45
3
19
10
48
6
68
3
23
3
48
12
11
6
60
7
60
8
33
5
8
4
25
5
30
5
55
3
33
5
61
5
38
5
55
7
45
10
10
9
8
4
47
4
40
3
20
5
4
11
35
12
17
5
40
5
52
5
1
6
19
9
14
6
61
8
12
10
22
6
19
7
20
9
26
7
5
10
44
10
68
7
47
8
69
10
19
14
7
9
38
5
44
6
16
7
53
7
6
13
5
4
36
12
13
8
35
4
48
4
35
14
61
7
54
8
23
11
60
6
22
5
29
6
29
9
49
4
62
6
16
6
64
6
18
10
34
11
26
11
6
5
8
7
10
7
56
6
48
13
39
13
26
6
24
11
56
6
26
7
41
10
52
11
14
9
63
14
40
9
54
8
7
10
54
9
17
12
22
13
30
10
6
9
5
12
12
16
64
10
65
7
25
9
57
8
27
8
4
15
25
6
64
15
64
9
56
6
55
6
44
17
9
12
21
9
15
13
69
8
39
9
20
17
63
10
11
5
56
7
67
7
33
8
51
12
48
12
50
12
23
11
13
11
56
8
43
8
21
16
3
14
24
10
16
12
38
11
17
9
4
12
34
13
59
10
62
17
66
13
17
9
46
13
64
10
52
13
47
14
9
11
15
10
63
14
3
17
1
11
34
8
65
10
21
12
36
10
38
16
15
7
66
17
60
12
48
13
28
7
60
19
65
13
31
10
27
14
50
9
70
11
10
18
68
12
63
6
34
9
56
8
7
9
2
14
55
14
49
13
51
12
30
12
63
9
34
10
36
18
10
17
20
11
43
14
45
12
8
10
20
13
3
18
67
12
9
18
8
14
47
11
34
14
62
11
22
16
19
16
26
12
18
12
6
15
66
18
37
12
60
9
53
12
5
13
14
13
25
17
19
8
6
20
7
16
40
14
62
9
18
20
41
15
51
11
5
16
70
14
54
12
58
26
54
14
67
8
69
10
19
9
31
10
62
17
25
15
33
15
18
17
14
16
58
11
48
11
44
19
29
19
15
14
58
15
25
13
63
11
18
14
45
19
42
15
53
20
19
18
58
12
51
16
49
13
62
18
59
17
24
13
64
13
19
23
41
20
49
13
27
11
17
13
53
15
12
15
33
19
37
10
5
24
11
17
47
15
64
10
49
23
22
16
47
12
1
17
55
15
55
13
15
27
11
16
54
9
22
12
46
10
68
13
28
19
23
16
70
16
70
19
38
17
33
13
9
12
32
20
4
21
35
21
38
19
30
14
69
12
7
17
41
21
40
16
30
21
36
20
59
13
60
23
32
14
11
19
48
18
42
14
39
14
55
24
2
21
55
15
31
12
70
15
55
18
49
16
23
21
52
12
21
26
62
19
26
16
53
15
50
24
5
17
22
15
9
21
36
16
68
14
60
28
58
17
69
10
1
15
25
13
62
15
6
20
13
20
3
19
43
21
24
18
51
16
41
13
12
22
8
22
12
30
55
21
34
16
49
14
33
22
65
22
4
21
34
25
39
21
5
14
66
24
4
19
29
20
40
21
61
20
27
20
8
26
1
26
3
18
24
13
51
16
9
19
63
17
14
22
68
14
23
27
52
21
23
17
61
17
69
25
18
19
41
16
12
22
58
17
15
21
9
30
15
21
24
12
8
18
36
14
70
16
22
21
9
21
53
20
26
22
9
19
41
18
44
14
54
23
28
24
1
31
64
22
57
17
29
15
51
23
7
25
13
23
61
26
31
23
46
15
17
25
39
20
63
21
28
24
8
21
40
23
11
28
24
27
40
19
54
14
7
21
20
22
66
18
39
24
66
17
43
29
41
22
59
20
52
19
37
29
20
21
34
17
37
24
43
19
59
23
4
31
20
22
40
13
42
19
20
15
21
19
67
24
63
22
5
22
40
24
6
20
42
19
28
16
24
26
6
26
23
34
69
23
9
19
42
19
16
29
24
27
11
25
15
27
30
25
65
16
29
26
55
22
14
23
6
29
1
23
34
25
27
29
49
30
52
22
10
15
39
22
35
23
1
19
45
26
27
18
45
30
70
23
36
24
42
20
22
30
63
24
14
23
51
26
39
20
24
25
24
33
49
24
19
14
16
25
26
17
66
23
37
25
43
24
30
24
69
27
42
22
44
22
66
17
10
28
1
27
52
36
7
25
42
20
21
24
70
30
16
28
62
27
45
28
60
26
6
21
19
27
6
23
45
24
26
35
52
27
7
26
53
31
22
32
59
23
28
16
30
23
10
24
62
22
67
27
46
21
1
31
4
24
28
27
68
21
39
32
56
27
32
25
30
28
62
22
18
26
32
36
38
25
70
17
14
26
44
21
39
25
31
26
64
26
39
25
9
29
5
23
43
24
55
21
38
29
48
31
18
37
39
27
10
21
53
25
8
31
38
29
22
29
11
29
32
28
55
27
32
28
17
24
6
25
32
37
18
29
59
28
49
33
58
33
33
24
49
19
41
24
38
26
48
23
18
28
53
26
60
33
36
25
49
29
18
22
58
33
34
28
1
26
43
29
47
23
36
28
51
37
1
31
45
18
20
30
3
22
20
26
3
29
1
28
23
31
20
31
64
25
17
25
15
22
15
30
9
32
27
38
4
29
35
27
30
27
38
32
5
32
44
31
23
32
49
29
24
28
70
30
44
25
26
27
8
38
28
31
21
29
42
36
15
36
34
29
57
22
49
26
30
29
54
24
56
30
13
28
11
34
10
27
25
30
67
24
64
36
39
29
46
28
50
32
29
25
10
30
13
38
46
32
15
20
44
35
12
24
17
27
5
30
52
29
29
32
59
33
54
28
4
27
26
23
27
33
25
36
25
39
65
30
29
31
34
28
56
35
59
33
28
33
47
35
46
33
26
29
12
31
15
27
67
30
52
39
56
32
24
35
32
37
25
37
21
31
41
26
47
28
14
32
69
28
7
31
50
29
25
35
3
31
5
32
8
26
62
38
66
31
18
29
44
33
18
26
46
32
57
39
7
33
62
22
47
37
45
27
36
28
23
35
68
30
18
34
55
34
44
31
59
28
52
27
37
35
65
38
60
43
37
31
50
36
50
31
1
37
58
36
68
34
66
36
7
34
53
32
21
33
28
30
31
33
1
41
22
33
3
41
59
38
55
38
20
36
20
32
68
29
46
36
33
29
29
34
22
33
18
37
29
35
61
34
65
27
11
40
70
32
27
30
54
34
21
27
57
33
14
40
6
34
44
25
60
38
47
29
48
30
32
36
44
32
44
36
44
37
21
33
46
31
53
31
14
41
66
40
53
44
52
34
22
37
36
32
36
43
46
37
53
35
67
37
38
35
31
33
69
35
36
31
1
34
69
42
58
36
65
42
18
39
29
40
32
38
36
39
52
31
37
41
64
35
3
35
31
36
65
38
15
39
10
37
32
29
3
41
58
35
66
33
64
35
61
28
20
35
45
41
26
35
23
28
21
39
1
30
44
32
64
38
8
33
60
37
32
38
52
35
5
32
7
33
62
42
23
41
8
46
8
35
2
39
43
33
11
44
20
39
20
36
24
38
47
37
51
35
59
37
8
33
65
35
53
43
19
37
56
45
9
40
35
42
46
39
69
40
8
32
66
43
34
37
49
37
23
38
16
39
26
40
69
39
50
34
27
42
25
36
35
36
31
36
51
30
63
37
64
42
13
39
33
29
61
40
59
31
34
40
27
40
31
35
55
38
54
39
58
36
52
35
25
36
2
45
11
42
69
48
32
36
4
40
18
35
25
46
4
42
58
38
4
40
15
41
39
40
43
38
53
34
66
36
27
45
64
39
43
46
25
41
6
43
35
41
62
42
40
33
4
45
60
39
68
41
43
40
42
41
33
42
19
41
33
35
8
43
38
37
38
39
3
38
24
31
19
38
22
43
64
40
47
30
46
41
52
33
24
41
9
42
42
36
40
41
14
45
65
39
6
36
29
37
6
47
16
44
13
50
28
41
24
43
67
37
24
47
9
43
47
41
60
42
70
42
36
41
45
39
48
38
32
37
12
46
45
40
44
48
60
43
11
45
67
42
70
43
57
34
49
47
45
41
2
42
35
42
55
44
1
43
12
44
30
36
5
45
3
40
48
40
53
39
13
32
34
40
8
44
8
41
35
32
29
43
18
35
35
43
16
43
18
46
27
43
28
46
62
40
62
38
46
38
49
50
33
45
7
54
61
44
60
46
20
39
15
48
69
44
65
43
19
43
1
43
49
43
36
41
41
42
15
38
20
49
69
43
31
49
34
44
39
46
68
44
21
44
59
35
40
50
30
43
55
44
47
44
2
46
30
45
18
50
14
39
28
46
23
42
68
42
47
41
12
34
31
41
67
47
28
42
65
34
3
48
58
39
42
45
15
45
51
47
14
45
41
47
15
41
61
39
54
40
43
51
69
49
16
55
10
45
28
47
13
45
42
49
10
47
32
45
41
50
54
44
25
45
11
44
58
45
48
39
30
50
70
46
38
50
58
45
70
48
57
45
30
48
18
36
27
51
65
44
40
46
39
48
22
48
38
46
62
51
66
40
67
47
62
43
24
45
25
45
45
37
47
42
2
48
18
43
53
37
24
49
37
40
59
46
50
46
58
49
6
46
66
48
60
43
14
47
64
42
9
53
18
50
29
56
48
46
64
48
48
46
61
50
35
48
6
46
8
51
5
45
56
50
53
49
12
46
43
40
11
54
6
47
17
51
17
46
34
51
25
47
33
50
3
37
65
52
38
46
43
48
41
49
4
49
44
47
38
52
38
44
7
51
8
47
53
52
20
46
10
38
48
43
16
49
23
47
7
38
17
50
11
41
18
47
39
48
41
50
1
47
16
49
27
46
34
48
45
47
1
56
70
55
32
57
9
47
7
49
23
47
57
52
40
49
60
48
16
52
11
50
30
52
61
50
35
50
46
42
31
56
25
48
19
52
3
50
50
53
4
48
35
51
27
42
11
54
42
47
5
51
69
51
13
50
14
50
60
53
57
45
54
53
14
50
13
56
55
49
52
41
29
44
12
50
27
48
27
39
45
51
60
42
11
50
54
49
59
53
57
48
35
50
37
49
69
49
4
49
17
57
52
56
41
58
2
49
32
51
38
51
6
53
15
51
18
49
22
54
62
52
38
57
22
52
59
51
3
47
67
57
62
49
32
54
22
51
13
54
28
53
58
52
58
45
56
58
5
50
32
53
24
54
47
51
57
51
42
54
37
46
31
55
46
51
37
57
56
52
54
42
16
45
54
52
3
51
57
41
36
52
49
43
56
51
13
52
19
54
59
51
36
52
29
53
23
50
24
50
8
58
15
57
4
59
70
50
18
54
44
52
40
54
30
53
1
50
7
55
68
53
22
60
67
54
16
52
69
50
5
58
57
50
37
55
48
52
23
56
2
56
17
53
5
46
42
59
26
51
62
54
64
55
40
52
61
53
21
55
31
49
4
56
4
52
44
58
48
58
57
44
67
49
21
53
55
52
21
46
27
53
38
50
14
52
41
53
37
56
58
52
10
53
57
55
57
53
18
51
39
59
46
58
42
61
66
51
53
55
55
54
39
55
26
55
17
51
46
56
65
55
37
61
42
55
40
56
64
51
51
60
17
51
11
60
67
54
9
59
54
58
23
55
60
48
44
61
25
52
20
57
62
56
57
53
34
55
43
57
47
51
26
57
26
53
49
59
70
59
11
46
66
50
46
55
36
57
48
51
59
54
70
51
37
54
34
56
38
60
65
54
67
56
51
56
12
54
39
58
25
60
34
59
33
62
6
54
44
58
4
56
58
59
12
57
37
54
48
57
24
57
44
62
6
56
47
57
41
53
23
61
41
53
33
61
64
56
67
60
14
60
29
56
56
54
33
62
40
56
10
59
32
57
3
56
49
58
9
58
5
54
52
59
49
57
50
61
10
61
2
48
52
51
35
56
44
59
43
56
70
58
28
53
2
55
61
57
27
61
21
61
13
57
45
59
21
55
19
59
31
61
51
60
28
63
18
56
23
59
70
57
45
60
68
60
66
55
6
58
58
59
70
63
40
57
68
61
49
54
34
62
35
54
53
62
47
57
28
61
26
61
4
59
20
55
60
63
9
57
61
60
20
59
28
58
28
59
45
63
63
56
2
61
10
59
55
62
18
62
64
53
65
53
66
59
45
60
26
58
11
63
23
54
22
57
60
58
3
62
68
62
2
58
32
63
20
60
35
60
46
64
43
61
9
64
42
57
33
61
22
58
63
62
56
61
52
56
1
59
16
61
23
64
18
58
21
63
44
55
9
63
65
55
69
63
21
62
10
62
69
62
47
61
50
61
2
64
20
58
36
63
16
61
14
59
68
63
8
64
25
58
13
63
33
60
43
63
57
63
35
56
61
56
68
61
50
61
16
59
57
64
48
55
49
58
68
59
2
65
42
63
42
60
34
66
26
64
30
61
40
66
47
62
49
65
53
59
63
62
68
59
27
64
54
62
24
57
44
64
51
63
10
66
3
62
5
66
60
56
25
64
38
60
4
66
13
65
52
63
16
63
6
63
11
62
34
67
2
59
47
64
60
63
69
61
20
65
11
65
11
59
10
65
45
64
19
64
19
65
63
59
6
60
65
62
56
62
52
61
31
65
34
57
12
61
63
65
7
66
4
64
7
62
10
67
45
65
32
62
7
67
30
63
51
66
33
60
15
66
66
60
28
65
63
64
70
63
31
65
48
64
34
67
47
64
37
67
68
57
36
65
44
63
58
67
16
66
47
64
51
65
37
64
19
63
28
68
31
61
52
65
11
65
32
63
54
66
31
66
12
60
15
66
55
67
69
65
2
66
40
65
3
62
19
63
19
65
50
64
55
66
63
62
67
63
33
66
57
67
56
66
64
63
26
68
29
66
57
63
65
68
37
64
19
67
20
63
65
67
65
61
66
67
17
66
7
64
33
68
17
67
48
68
2
65
29
69
7
58
7
66
34
66
57
68
61
68
31
68
30
66
25
67
67
64
39
69
55
68
8
69
30
67
7
67
32
67
7
67
13
69
6
68
44
68
4
67
42
67
68
66
27
64
23
69
53
69
31
66
13
67
66
64
29
65
8
69
17
69
35
67
25
65
3
69
37
67
67
68
52
69
5
67
47
68
62
67
8
68
40
62
21
68
23
67
30
69
69
70
10
69
18
69
1
68
60
70
59
61
68
70
59
67
16
70
30
70
44
69
43
70
46
68
38
69
25
70
21
70
9
70
58
70
68
70
37
69
46
70
43
70
34
70
54
69
5
70
40
68
49
67
58
69
11
70
67
70
60
68
23
68
65
68
53
69
11
70
40
70
17
69
61
68
50
70
30
70
1
69
55
70
54
68
40
70
26
68
41
70
16
64
3
69
8
70
