%%MatrixMarKet matrix arrary real general
100 8
5
1
3
1
3
1
10
2
4
1
10
1
16
5
8
1
4
5
9
1
5
2
2
5
12
3
5
1
10
1
11
2
3
1
14
3
2
4
15
2
13
1
5
1
10
1
5
1
7
1
1
2
16
4
1
3
2
1
2
1
9
1
9
1
8
1
8
1
14
3
10
2
9
1
7
2
7
1
11
1
4
1
15
1
8
2
12
3
11
1
3
1
16
1
10
4
6
2
12
2
6
2
11
4
13
4
1
6
11
3
15
2
6
7
4
2
1
7
5
4
1
4
13
7
4
5
10
2
3
2
4
5
15
4
11
6
8
7
12
3
4
5
8
2
4
2
4
2
11
5
5
3
2
6
2
4
4
3
8
5
15
3
16
3
6
2
15
2
1
4
11
3
2
3
1
8
4
6
14
4
15
3
16
3
14
3
5
4
5
2
4
2
6
2
1
6
8
5
7
4
9
4
9
5
6
9
5
7
13
5
4
3
2
8
12
5
3
8
6
7
8
6
14
8
6
8
14
3
14
4
7
6
7
8
16
8
10
9
4
5
10
6
14
3
5
3
10
6
3
6
13
9
13
7
7
5
16
6
6
7
6
4
12
4
7
3
13
5
8
7
12
5
10
5
3
11
2
8
10
5
9
6
5
4
1
9
8
6
4
6
9
7
11
3
15
7
4
7
3
5
12
7
16
6
5
10
4
11
16
7
5
6
1
10
9
6
14
9
10
8
15
7
4
9
2
9
8
7
9
6
3
9
11
9
2
9
1
12
7
6
3
7
7
4
16
6
7
9
12
8
11
10
5
8
12
6
5
7
14
10
14
7
10
5
12
9
4
6
13
9
4
6
7
6
5
12
14
10
2
7
2
7
11
7
10
11
14
7
15
7
5
10
14
9
5
8
15
9
10
8
3
8
12
7
8
11
16
12
2
9
16
8
3
12
15
7
6
11
2
12
13
9
3
10
16
10
12
9
5
7
16
10
5
10
1
10
5
13
16
8
12
8
11
6
13
7
8
12
2
9
4
12
3
9
15
10
8
10
4
11
12
8
2
6
11
10
3
9
6
10
16
7
16
8
10
13
5
11
3
8
11
8
8
9
4
12
1
9
13
8
16
11
7
10
3
9
1
10
15
9
10
13
15
10
7
12
3
13
8
10
11
9
9
13
16
10
2
12
3
14
11
10
1
11
1
11
6
11
11
8
15
12
6
12
7
12
3
14
11
9
11
9
15
9
14
8
11
14
15
10
6
14
14
11
9
11
14
11
16
12
5
10
11
7
15
13
10
11
2
11
1
8
14
12
9
14
9
13
6
9
12
13
6
10
6
13
2
10
14
9
8
12
8
12
2
11
14
11
1
11
11
14
2
13
2
14
8
14
6
12
12
13
4
14
3
11
16
13
11
15
12
14
16
12
14
13
15
13
13
12
1
13
16
13
4
13
11
15
1
13
2
15
13
12
12
11
3
15
16
13
8
15
1
12
16
13
9
13
9
13
16
11
8
14
5
14
12
14
5
15
14
9
4
13
6
15
3
15
12
13
10
14
12
13
7
15
15
11
3
10
14
13
4
13
16
12
3
13
16
13
15
16
8
14
16
15
9
15
15
14
7
14
11
15
13
14
10
15
13
16
3
16
6
15
7
15
4
16
15
16
8
14
2
14
5
15
6
16
10
14
14
16
10
16
9
15
13
16
4
14
7
16
10
15
8
14
12
15
3
15
2
13
13
15
4
16
7
16
12
16
13
15
11
15
4
16
12
16
16
15
5
16
2
14
5
16
16
13
12
16
6
15
5
15
14
13
12
16
6
14
