%%MatrixMarKet matrix arrary real general
100 100
54
1
37
1
34
1
118
1
41
1
122
1
198
3
94
2
45
6
102
1
56
4
14
1
143
1
51
3
121
1
137
1
32
2
165
1
24
1
176
2
158
1
61
1
116
1
59
2
84
1
4
1
195
2
6
3
20
2
20
3
105
2
102
2
90
1
89
1
172
1
125
3
110
5
80
1
86
1
137
1
43
1
183
3
98
1
149
3
127
1
37
3
196
1
116
2
74
2
142
2
75
2
140
4
161
4
2
3
137
2
187
2
80
4
42
5
5
7
62
2
1
5
163
3
49
2
127
4
39
3
49
2
193
3
142
2
97
3
153
3
51
2
95
3
45
2
45
3
139
3
58
5
17
4
18
4
48
5
98
4
190
4
119
5
79
2
199
8
3
2
135
5
16
8
5
2
42
2
174
2
194
2
187
4
182
4
57
5
64
3
49
4
75
9
7
4
98
5
88
4
114
5
114
5
77
5
59
5
182
4
53
3
23
5
159
6
42
8
85
6
102
6
187
4
78
5
190
5
192
4
90
3
93
4
192
3
129
4
56
9
139
4
197
4
66
4
140
4
30
4
174
6
174
6
94
5
21
6
73
9
85
6
161
6
96
4
176
10
110
4
159
6
129
11
29
4
22
3
200
3
115
3
57
5
12
5
101
6
48
4
116
6
151
11
1
6
54
8
40
5
179
6
34
7
65
6
55
8
57
7
75
4
14
6
129
7
43
9
137
7
3
9
54
6
19
7
109
6
129
5
46
4
154
5
16
7
14
6
105
10
37
6
103
5
141
5
103
6
177
5
158
8
65
7
175
9
65
7
83
10
84
7
144
8
182
10
47
13
188
6
52
7
98
13
75
7
16
9
23
4
28
4
164
7
139
14
114
8
75
5
69
8
163
12
75
9
120
10
152
7
40
8
185
8
119
7
160
11
21
8
159
5
48
7
64
10
87
12
17
8
13
12
34
9
189
10
193
7
72
6
170
5
80
6
11
9
72
7
189
16
189
9
166
8
161
7
130
10
25
6
62
12
44
10
199
12
115
14
59
11
186
10
30
9
166
11
45
14
96
8
149
8
141
15
148
8
66
11
39
6
165
7
126
8
62
15
7
9
70
6
46
9
113
14
48
10
9
11
101
11
176
9
184
11
118
10
51
12
199
9
191
6
155
8
141
12
27
14
44
9
187
14
7
10
3
13
100
8
193
7
61
6
106
7
113
12
44
9
192
21
180
12
142
10
83
8
180
13
193
11
92
14
79
11
148
13
19
15
29
17
89
11
187
12
101
12
166
15
19
10
4
11
164
17
147
12
151
13
90
7
188
8
102
9
106
19
28
10
59
7
128
10
135
15
24
11
58
13
9
12
184
10
26
13
25
11
141
13
103
10
186
8
66
9
57
13
76
15
54
11
17
15
35
11
112
15
181
9
159
8
15
7
41
9
76
14
57
13
18
22
20
13
120
12
187
9
55
16
122
12
155
16
15
12
7
14
161
18
175
18
162
12
147
13
85
13
55
17
94
11
186
14
75
20
99
19
54
14
40
9
175
10
143
12
132
22
87
12
45
10
173
14
76
17
191
12
53
15
136
13
128
13
161
15
57
12
175
15
156
12
148
9
188
15
180
14
72
19
53
13
200
16
124
13
148
20
83
10
50
9
161
10
37
12
99
15
111
15
14
23
34
15
143
14
189
10
148
20
66
14
142
17
1
13
168
15
168
25
44
19
34
15
165
16
67
14
139
18
116
13
85
16
68
23
86
20
91
15
115
13
101
12
26
13
200
23
11
13
108
11
115
17
91
21
8
17
20
16
125
16
121
17
90
16
111
14
183
16
184
13
98
16
32
18
148
15
129
28
119
14
170
18
5
16
168
22
94
12
132
13
168
17
150
13
71
19
161
16
63
26
190
17
81
18
162
11
154
22
13
15
66
19
27
14
109
16
24
26
186
22
180
16
130
17
3
15
77
20
192
15
18
17
40
25
10
23
131
17
72
16
157
13
127
14
36
26
23
15
36
14
169
18
105
22
151
19
102
18
195
17
12
19
106
17
121
18
14
18
22
14
13
21
88
21
124
19
190
31
83
15
24
21
2
19
8
24
73
13
194
16
27
18
38
14
42
25
139
18
71
27
163
19
72
19
191
16
49
23
54
16
128
20
37
21
181
17
45
29
27
23
47
24
74
18
23
16
110
21
186
17
69
22
29
30
166
24
81
21
27
24
128
14
135
16
167
29
86
16
2
15
182
23
177
23
89
20
158
21
21
22
196
20
191
18
98
20
144
20
52
15
123
24
33
22
87
20
23
33
124
18
34
30
75
23
126
27
170
16
20
18
195
19
83
15
123
27
78
22
136
28
127
21
185
22
165
17
115
24
63
22
107
22
118
26
134
20
187
31
13
24
63
27
126
20
132
17
62
24
66
18
55
24
71
31
14
25
127
25
19
28
131
18
87
17
75
35
18
17
71
16
51
24
27
26
131
21
49
22
75
23
34
21
46
20
96
22
197
21
93
16
174
25
44
25
17
24
2
34
108
20
84
31
154
25
167
28
31
19
123
21
112
22
1
16
143
28
85
23
144
29
177
22
115
25
133
22
71
27
69
31
44
25
161
28
125
22
75
34
76
30
157
30
61
23
50
19
84
25
105
20
116
25
138
32
97
26
47
27
133
32
139
19
136
18
31
37
1
21
167
17
20
26
133
29
65
22
84
25
51
24
130
22
143
22
101
24
19
23
60
17
18
28
146
26
82
25
167
37
22
21
171
32
71
26
192
29
90
22
96
22
30
23
157
19
18
29
149
26
1
30
11
23
90
26
74
23
127
28
181
32
104
26
95
29
116
25
57
35
103
31
123
32
116
24
43
20
141
26
124
21
99
27
80
33
126
27
29
28
15
33
137
23
176
20
123
38
155
22
58
18
126
27
31
30
171
23
24
28
121
25
72
25
197
30
105
26
179
27
105
18
56
29
19
28
102
35
57
40
112
23
160
36
72
27
106
30
160
25
133
23
124
25
156
21
58
31
173
27
139
31
116
25
161
29
59
24
126
30
111
34
2
27
139
30
153
30
119
36
165
32
3
35
145
26
65
21
9
27
65
22
10
28
1
34
197
28
63
31
44
34
55
25
48
21
50
42
195
25
86
22
12
28
200
34
97
26
125
29
15
26
144
26
76
31
162
31
78
28
49
19
144
30
85
30
26
37
92
41
67
30
137
38
50
28
111
31
187
26
161
24
98
26
178
22
185
33
43
28
36
34
33
27
192
32
158
25
60
31
130
35
153
29
164
31
95
31
33
38
42
33
153
38
50
31
146
24
37
31
54
23
15
29
170
35
94
30
50
33
179
35
11
27
86
24
89
44
81
26
81
23
143
29
95
37
111
28
184
31
52
27
93
29
158
32
154
36
85
33
38
23
48
32
16
34
172
40
93
46
80
33
107
39
82
30
68
32
137
27
156
25
45
28
176
23
23
36
168
29
84
35
7
28
16
34
26
32
168
32
28
37
199
30
146
32
60
34
154
41
171
34
22
39
139
32
157
26
151
32
121
25
77
32
149
36
58
31
182
34
148
37
148
29
174
29
124
45
34
27
76
25
122
33
167
38
168
29
4
32
126
29
133
30
180
33
21
37
187
34
72
24
96
33
104
35
1
43
74
48
10
34
89
43
85
36
66
33
65
28
83
27
156
29
111
25
97
37
74
32
60
37
97
30
78
35
96
33
37
33
100
38
90
31
181
33
70
36
122
42
47
35
19
42
148
34
143
30
158
34
163
26
107
33
148
39
150
32
147
35
192
38
155
32
180
30
46
47
193
30
178
27
176
36
74
41
122
30
121
33
154
30
182
31
42
35
129
38
107
35
163
26
125
34
2
36
49
44
179
49
49
35
61
44
99
37
109
35
124
29
177
28
126
31
48
30
8
41
104
33
20
38
52
31
33
38
109
34
9
34
134
39
72
32
199
38
123
38
67
46
152
36
87
46
77
37
71
31
3
35
149
27
21
36
26
41
15
33
110
37
186
42
17
38
22
31
39
48
80
31
26
30
25
38
6
42
147
31
38
36
67
33
70
33
81
39
164
39
176
36
101
27
27
35
180
40
51
45
66
51
73
36
29
47
122
38
158
38
155
30
26
30
131
32
118
31
171
43
190
34
53
40
91
38
113
42
172
36
92
38
87
44
121
33
109
39
177
42
158
49
111
38
43
49
114
38
25
32
91
36
193
28
93
37
107
43
63
34
152
38
18
43
180
39
190
33
6
49
37
35
197
32
109
39
13
43
63
32
87
37
14
34
141
37
14
40
51
41
138
37
153
29
127
38
58
41
95
47
89
53
152
38
87
48
21
42
124
40
108
32
141
31
14
33
96
36
13
44
152
38
149
43
115
39
68
49
114
38
26
46
133
46
135
35
9
41
84
45
66
53
79
39
20
50
193
39
163
33
90
38
85
29
31
38
184
44
141
35
48
44
106
45
20
40
195
36
21
51
54
36
44
34
99
41
85
44
92
33
189
39
31
36
169
42
120
49
42
44
129
42
161
30
173
39
116
42
41
48
162
54
156
40
37
50
40
44
25
42
64
35
145
32
175
34
159
39
6
46
126
39
89
44
3
40
41
51
106
39
17
47
8
47
171
36
18
42
47
48
120
60
28
41
26
51
123
40
102
35
190
39
126
33
56
39
64
45
95
37
98
45
86
46
21
41
163
39
174
52
116
38
24
35
139
42
33
45
70
38
194
40
111
39
38
44
70
51
3
47
184
43
130
31
149
42
53
43
74
50
4
55
111
43
122
53
142
45
98
43
76
36
143
34
146
35
109
45
24
47
172
41
6
45
109
41
65
53
50
40
99
48
81
48
123
37
171
45
41
49
111
61
105
46
102
52
160
41
8
36
159
44
151
36
190
41
152
48
51
38
149
46
55
48
149
42
25
40
157
57
71
39
188
37
35
44
100
46
47
39
152
41
35
42
116
47
149
52
23
49
91
47
185
32
22
44
178
46
110
52
187
56
138
46
65
54
18
46
121
44
110
37
64
35
97
37
132
46
146
48
145
45
79
46
198
42
199
54
27
43
196
52
17
49
88
38
92
49
167
50
174
68
7
48
66
53
82
43
87
38
136
46
120
37
59
42
92
50
22
39
85
49
20
51
50
44
177
41
30
59
67
47
105
40
184
48
92
47
177
40
86
43
127
43
23
49
27
55
17
50
87
48
40
33
43
45
161
49
39
53
20
58
63
48
63
57
126
51
94
45
123
38
11
36
77
38
143
47
159
49
153
46
193
48
164
43
141
55
142
44
25
53
185
50
79
39
74
51
35
51
178
71
196
49
198
55
25
44
63
40
40
48
67
40
145
43
179
51
3
43
59
52
102
52
127
48
168
42
2
60
194
48
118
41
32
50
24
48
87
42
141
45
150
44
48
50
62
56
180
52
115
49
25
34
131
47
175
51
117
55
185
59
72
50
11
58
39
53
16
46
132
39
100
38
41
39
180
50
17
50
128
47
47
50
183
44
136
57
69
48
40
54
52
51
50
40
166
52
92
52
110
73
45
51
100
56
103
45
171
42
76
49
39
44
120
44
163
54
88
44
134
55
140
53
151
49
15
44
64
61
41
49
157
43
5
54
122
49
144
44
23
46
55
46
68
51
86
57
139
53
146
50
84
36
199
49
12
52
185
56
160
60
190
51
85
59
47
55
183
53
197
41
116
40
114
40
17
51
122
52
94
50
13
51
178
45
162
58
144
49
121
57
53
55
143
49
19
53
80
54
62
77
53
52
9
57
172
46
139
46
169
50
187
45
49
50
74
55
114
45
139
58
112
56
88
51
90
45
28
65
199
51
13
49
199
58
67
50
169
50
155
47
114
47
3
52
194
58
187
54
84
52
77
39
62
51
110
59
18
58
69
61
146
52
70
62
88
56
6
55
67
42
19
43
166
43
100
52
90
53
184
52
158
54
99
46
82
59
120
52
14
58
192
56
173
51
98
56
40
57
85
79
197
54
192
60
81
48
104
47
149
53
191
46
161
53
146
58
154
47
40
60
183
57
66
52
68
46
151
67
42
56
165
52
62
59
183
52
79
51
153
48
196
48
67
55
176
59
158
55
193
54
168
42
196
52
186
60
106
60
67
63
42
58
197
64
33
57
80
56
91
43
182
47
169
44
174
53
77
54
90
53
172
55
135
47
173
60
153
60
104
63
103
57
137
53
22
57
44
58
156
81
176
55
142
61
90
49
62
48
126
56
147
47
136
54
153
59
53
48
24
61
120
58
45
54
157
49
99
68
134
58
130
55
22
61
7
53
16
53
30
50
45
49
150
56
166
61
97
58
89
56
176
44
185
55
168
64
91
61
188
64
133
59
22
66
76
58
57
59
119
44
160
48
132
50
163
54
38
56
198
54
12
64
123
49
37
62
20
62
109
65
92
58
98
54
40
58
200
59
118
83
140
56
28
64
93
51
131
49
113
58
5
48
87
57
182
60
85
49
51
65
117
59
83
56
77
50
188
72
62
59
113
57
72
63
93
55
165
54
163
52
56
50
59
57
23
63
130
59
178
57
164
45
197
60
62
67
140
62
146
65
61
66
69
68
115
62
175
61
14
45
82
53
82
51
191
55
55
57
82
56
116
65
181
50
172
66
134
63
8
67
41
65
73
55
73
59
11
61
28
84
81
57
13
65
105
53
45
52
93
63
90
50
72
58
12
61
42
50
5
68
130
60
81
59
194
53
71
73
140
61
38
60
172
64
137
60
90
55
27
56
63
54
82
60
2
64
197
60
97
58
76
46
89
61
182
68
36
67
35
70
92
68
86
71
41
64
72
63
138
46
85
55
9
52
82
56
151
59
68
58
57
69
159
53
31
73
180
64
194
68
140
68
144
57
25
61
147
64
63
88
188
60
31
68
68
55
84
57
156
65
7
53
95
61
9
62
176
52
56
69
144
61
107
60
196
55
191
74
95
64
67
61
31
65
128
62
198
57
115
60
61
57
102
63
28
65
64
61
41
60
11
48
178
63
45
70
173
68
165
71
16
74
193
72
151
65
69
67
24
47
44
56
147
53
8
57
84
61
106
60
76
72
86
54
44
74
47
67
41
72
60
70
80
59
81
64
76
67
23
89
40
63
113
70
140
56
134
59
145
66
51
55
118
62
27
65
17
54
30
70
41
62
97
62
138
56
27
76
129
65
56
62
141
66
63
65
72
58
186
62
70
58
83
66
137
66
29
62
148
61
47
50
161
66
192
72
158
70
79
73
29
79
174
73
149
67
155
71
163
49
184
57
121
54
135
58
30
62
48
61
141
80
126
57
176
75
51
68
62
73
40
71
86
60
184
66
154
74
13
90
174
64
81
78
154
57
75
61
86
69
136
60
144
63
187
67
128
55
77
71
193
63
126
63
66
58
179
79
160
68
82
66
89
67
79
68
35
59
17
63
74
60
32
69
146
67
76
63
110
64
6
51
181
68
31
73
31
71
151
75
151
82
190
75
136
68
136
73
178
53
190
58
149
56
62
60
34
63
134
62
32
81
141
58
28
76
194
70
177
74
178
72
15
61
43
68
149
75
121
91
102
66
114
82
185
59
56
64
70
71
131
64
34
64
194
69
157
56
112
72
12
65
196
64
115
60
7
82
19
72
142
68
165
68
180
69
5
61
93
64
104
65
138
71
175
68
43
67
81
65
3
53
23
70
63
75
66
72
1
78
71
84
135
77
106
69
90
74
158
54
86
59
180
57
94
61
191
64
177
63
85
87
145
59
163
77
55
71
156
75
199
74
23
65
24
69
56
78
82
93
50
68
134
83
191
60
174
66
54
72
61
68
51
65
7
70
79
57
118
73
108
67
135
65
1
62
9
84
14
76
74
72
119
71
149
70
71
62
12
67
37
69
111
73
104
69
56
70
161
66
81
54
154
73
140
76
194
73
145
81
175
86
106
78
156
70
18
76
21
56
109
60
76
59
194
63
121
65
131
64
178
90
32
60
6
80
171
72
36
77
67
75
165
67
80
70
141
79
17
94
182
71
130
86
127
66
191
69
187
73
129
71
88
66
171
77
186
60
20
76
17
68
190
67
169
64
111
85
97
77
84
77
175
73
73
71
175
67
90
68
167
78
131
76
139
71
146
71
76
67
98
59
64
74
82
81
155
75
134
82
135
87
46
83
114
73
75
77
173
57
167
61
199
62
121
67
150
69
114
65
77
91
36
61
168
85
46
76
120
78
154
76
7
68
169
72
176
81
152
95
14
72
177
88
86
67
200
72
6
75
159
72
103
70
108
78
138
62
88
78
157
70
96
69
2
67
96
86
164
79
164
80
57
74
40
80
124
68
148
69
20
79
18
77
47
72
33
73
102
70
171
61
10
76
129
83
164
76
154
83
180
89
194
88
138
74
9
81
77
58
170
62
145
63
115
68
82
74
164
66
181
93
107
65
7
86
154
77
102
79
61
78
41
69
99
75
66
83
52
96
67
74
36
91
177
69
151
74
200
78
38
73
40
71
6
81
123
64
189
79
122
73
31
70
34
69
66
87
55
85
50
89
87
75
160
81
176
73
94
70
115
83
118
78
109
73
94
74
63
72
65
62
160
77
136
84
166
80
39
85
187
90
42
91
63
79
123
82
140
59
49
63
141
64
120
69
110
75
40
70
106
94
55
66
9
87
147
78
113
83
26
80
191
74
102
76
106
89
54
97
6
75
29
92
192
70
176
76
64
79
155
76
166
75
38
82
111
65
67
80
25
75
161
71
147
71
183
88
144
88
8
92
108
76
168
82
83
74
199
72
170
86
173
79
25
74
200
75
199
73
64
63
124
78
74
90
120
83
122
86
81
93
10
93
162
86
14
85
195
63
189
65
55
66
130
70
73
80
36
71
42
96
82
67
83
92
29
79
157
84
20
82
149
75
63
77
63
90
11
100
173
82
41
93
159
71
148
77
97
82
58
77
155
76
120
84
6
66
121
82
50
77
150
72
99
72
34
90
78
90
54
97
88
77
111
83
36
78
34
75
168
87
132
80
196
75
46
79
151
74
131
66
112
79
128
91
145
85
163
90
45
94
40
94
95
89
97
87
17
66
147
66
8
72
164
72
197
83
148
75
95
97
105
71
46
94
128
80
76
85
114
83
45
76
46
83
68
91
98
101
70
84
8
94
62
72
53
80
11
85
185
78
150
78
63
85
76
67
12
83
146
80
30
73
61
75
70
91
84
91
21
98
55
79
10
84
118
82
165
78
59
89
103
81
48
78
126
80
39
75
178
67
116
80
61
92
46
88
115
94
37
95
35
96
184
90
37
88
154
68
73
68
67
73
101
75
183
87
55
76
7
98
154
72
69
96
14
82
186
86
171
89
134
78
168
85
69
93
1
102
99
86
118
95
121
73
165
81
165
88
111
80
169
79
145
86
92
68
116
87
29
81
147
76
70
79
150
93
50
92
114
99
200
80
59
86
45
84
130
80
133
91
124
86
19
79
28
81
90
77
160
69
195
81
121
94
79
90
91
95
3
96
79
97
155
91
153
89
174
69
146
69
60
74
40
76
137
88
200
77
70
99
161
75
79
97
164
84
44
88
90
91
106
82
20
87
43
96
173
103
123
87
67
96
22
75
98
82
184
95
132
81
26
81
143
87
16
69
193
89
187
82
156
77
6
80
122
95
105
93
94
100
179
81
186
90
162
85
161
81
173
93
87
90
174
82
90
82
29
83
175
70
193
82
69
95
138
92
29
97
115
97
103
98
32
94
95
91
72
70
41
71
11
78
87
77
5
89
79
80
74
101
10
77
2
98
104
85
35
89
117
95
132
83
127
88
1
97
108
105
77
88
108
98
85
76
60
83
105
96
74
88
80
82
93
88
13
71
36
90
64
84
172
79
153
81
17
97
44
94
85
102
125
82
148
94
184
86
44
82
187
94
168
91
148
84
66
83
142
88
145
71
153
84
142
97
54
93
62
98
39
98
52
100
132
96
100
92
87
74
54
74
159
79
199
79
35
92
157
83
120
102
24
79
39
100
123
86
7
90
88
96
156
84
84
91
46
98
12
106
195
90
115
101
129
78
120
92
22
98
158
89
177
83
125
89
78
77
175
92
185
85
181
80
185
82
56
100
187
99
170
103
78
83
58
97
114
91
133
85
192
96
123
92
124
85
176
84
191
92
86
73
129
86
50
98
193
97
32
99
25
99
134
101
15
97
200
93
33
80
67
75
192
83
165
89
194
95
103
84
68
103
174
80
30
102
121
87
12
91
45
97
109
85
138
94
113
99
135
109
107
91
79
103
35
79
172
93
157
99
84
92
98
84
37
91
121
81
64
94
31
89
74
82
149
83
168
102
69
103
90
107
7
84
32
99
195
94
119
91
109
97
4
96
151
89
8
85
139
93
118
74
19
87
13
100
168
98
127
101
158
100
99
104
59
102
23
96
61
81
51
76
144
85
147
91
39
98
133
87
100
108
16
83
23
106
19
88
61
93
153
98
99
89
179
97
118
100
148
113
122
92
120
106
99
80
105
94
12
100
139
93
19
90
2
94
18
83
57
95
21
93
75
84
137
84
77
103
40
104
53
109
146
86
102
104
77
95
179
95
147
99
74
97
54
91
16
86
137
94
169
75
65
90
125
101
28
99
104
102
75
101
173
108
8
103
51
99
34
82
175
78
197
86
186
92
21
100
30
88
115
109
119
84
64
108
57
89
56
95
109
101
52
94
170
100
39
101
179
114
43
93
187
107
184
83
22
95
174
104
49
95
46
94
24
95
191
87
178
96
78
97
191
86
98
85
170
104
46
106
135
110
133
90
157
106
160
96
55
96
71
100
112
98
77
92
48
87
167
95
121
78
88
91
137
102
146
100
38
106
169
105
81
109
24
104
194
101
116
85
197
79
188
87
42
95
104
101
25
89
62
110
63
85
45
109
186
90
176
96
9
102
93
95
193
101
10
102
92
117
142
95
69
111
118
84
88
97
101
106
57
98
167
96
118
96
124
90
62
97
11
98
193
87
148
88
110
105
74
107
51
111
56
92
57
107
109
98
150
97
155
102
105
99
123
93
191
88
86
96
96
80
179
93
193
103
16
101
141
109
122
106
126
110
117
107
103
102
104
88
2
81
120
88
84
97
111
102
19
91
154
112
132
87
40
112
181
91
51
97
164
104
194
103
198
104
87
104
99
123
25
96
48
112
10
87
141
99
137
107
31
100
91
97
161
99
127
91
186
100
87
101
110
90
94
89
20
107
75
108
65
112
21
94
130
110
188
99
61
100
122
105
187
100
170
94
35
92
198
98
58
82
165
94
86
109
21
104
150
110
194
109
76
112
60
108
84
104
153
92
101
84
162
89
153
98
4
103
169
92
11
114
187
88
107
114
75
92
70
98
21
106
28
105
183
105
53
105
70
124
21
97
80
116
122
88
89
100
118
108
108
101
168
100
49
103
59
93
132
101
116
104
144
91
51
91
58
108
2
109
166
115
30
96
28
112
117
100
154
101
177
106
129
101
3
96
32
100
112
99
85
83
50
97
108
111
11
107
80
111
140
110
90
113
197
109
60
105
23
93
107
92
81
92
18
105
40
105
108
96
73
118
184
89
198
116
122
93
128
105
151
110
91
110
157
106
183
108
107
125
151
100
58
117
142
89
91
103
197
109
82
106
111
101
200
105
119
96
125
103
47
107
102
92
52
93
195
109
184
110
95
116
135
97
116
114
103
101
65
104
163
107
65
104
102
97
171
102
133
100
195
90
72
99
115
112
22
108
88
112
159
113
177
114
161
110
11
107
185
95
114
93
127
94
81
107
22
106
67
99
41
119
94
90
89
117
152
94
69
106
121
112
13
111
176
107
192
110
30
126
193
106
147
124
104
91
108
107
28
111
102
107
195
102
79
106
74
98
154
104
8
109
33
94
59
96
13
112
45
113
29
117
52
100
8
117
132
102
151
106
95
108
36
107
168
98
147
106
119
101
144
91
200
100
93
114
182
109
132
113
70
116
164
115
48
111
147
110
2
96
139
94
164
95
35
108
117
107
186
100
168
122
172
92
56
118
149
95
173
107
73
113
34
114
86
111
86
111
164
127
61
108
97
125
52
92
180
109
81
112
152
109
146
104
57
111
129
100
74
105
94
111
123
95
116
97
125
113
100
115
79
123
171
101
173
118
46
105
113
108
158
110
11
110
41
100
124
107
120
103
148
92
145
101
106
118
143
111
36
114
28
117
33
116
81
112
4
113
117
99
37
95
187
96
88
110
67
108
144
101
19
123
194
95
27
119
131
98
80
108
77
123
11
115
93
112
8
112
74
128
12
110
75
126
3
94
184
110
196
114
104
112
133
106
167
112
36
101
43
106
92
113
15
99
158
101
69
114
169
117
83
124
181
102
2
119
193
108
107
109
53
112
15
113
118
103
133
108
62
106
56
94
176
102
57
119
163
112
133
117
198
118
178
120
141
113
184
114
15
101
187
102
93
100
104
112
66
109
20
107
75
124
128
96
93
121
3
101
145
110
18
125
119
116
126
114
65
114
72
129
129
112
99
129
1
95
44
111
57
120
171
113
13
109
4
114
158
103
102
107
173
118
24
103
109
103
55
115
83
118
156
125
93
104
89
120
106
110
77
110
62
117
46
119
198
105
68
109
26
109
37
95
133
104
24
120
105
113
96
118
186
120
60
121
146
116
21
115
50
105
91
103
116
101
166
113
187
112
10
109
188
125
35
98
189
124
37
105
66
111
19
126
3
117
130
116
166
117
189
130
16
115
62
131
198
101
5
112
59
121
103
115
112
110
3
115
188
104
7
109
175
119
47
104
173
104
192
119
135
120
134
126
187
106
4
121
112
113
124
111
103
120
199
120
142
110
163
110
25
111
147
97
164
105
27
123
147
116
108
119
144
125
117
124
83
118
199
116
113
106
111
108
113
102
27
114
177
114
180
116
66
126
93
100
71
125
137
110
42
112
79
127
159
120
167
117
32
119
172
132
146
116
109
132
125
106
6
113
43
122
142
117
140
117
53
116
89
105
128
114
79
121
145
106
179
106
83
120
60
121
19
129
19
107
3
123
138
115
132
114
76
123
95
122
88
112
19
112
127
113
28
100
41
106
56
124
4
118
186
120
57
126
191
125
92
119
34
118
11
107
117
112
84
103
34
116
180
115
86
117
39
127
193
103
175
126
81
111
167
114
27
128
77
122
90
119
27
120
80
133
85
117
152
133
97
107
28
114
125
124
91
119
48
119
97
119
84
107
32
115
5
123
6
109
38
107
32
121
82
123
146
131
110
112
165
124
104
120
126
116
73
128
58
125
101
113
40
113
105
114
20
102
31
107
39
126
122
121
21
121
176
127
175
128
169
121
161
119
75
111
199
113
154
104
10
117
156
116
69
118
4
129
157
104
21
127
127
112
21
116
144
131
136
124
175
120
21
122
198
134
120
118
149
135
135
108
7
116
19
128
189
122
114
121
196
121
41
110
197
117
36
126
162
112
73
108
92
127
20
124
171
132
190
114
61
125
64
121
175
117
38
134
193
126
108
115
115
114
79
116
88
104
36
108
143
127
131
123
26
124
5
128
19
130
105
123
70
120
142
112
46
115
36
105
175
119
26
119
165
119
59
130
5
106
99
129
41
115
193
117
167
132
147
125
62
121
24
126
59
136
162
119
14
138
112
111
133
117
30
129
197
123
47
123
90
122
175
117
41
120
110
127
68
114
95
110
135
130
178
125
147
136
34
117
96
126
80
123
198
122
82
137
41
134
155
116
9
120
10
117
172
106
126
109
71
131
139
125
200
125
181
130
105
131
61
125
173
122
89
114
172
118
133
107
86
122
93
120
81
121
15
132
129
108
47
132
56
117
161
118
33
136
10
126
189
122
72
129
22
137
164
124
136
139
19
113
118
121
94
130
32
125
174
124
102
123
135
118
4
122
196
129
122
117
154
112
78
131
53
128
106
137
168
118
56
127
56
125
178
123
92
138
64
135
87
119
192
122
200
121
120
110
184
110
151
133
115
126
52
128
65
131
25
136
167
127
186
125
52
118
70
119
177
109
24
123
81
125
49
123
131
133
48
112
15
133
150
118
39
119
43
137
118
129
148
123
133
131
78
139
101
125
110
140
100
115
78
124
123
131
178
127
181
126
42
124
102
120
136
124
14
131
182
118
105
113
94
133
132
130
33
138
85
121
77
131
41
126
1
127
28
139
186
136
36
121
15
127
126
122
136
114
85
111
96
134
89
127
10
130
55
132
80
139
77
128
86
127
62
120
176
122
150
110
20
125
158
126
135
124
159
134
175
117
91
135
179
124
18
122
93
138
97
130
82
124
23
132
50
140
78
127
77
143
27
117
123
125
133
132
16
128
12
128
76
126
109
125
180
126
71
132
46
119
78
114
190
134
171
131
191
139
15
123
39
134
170
127
19
128
81
141
89
137
117
125
174
128
31
123
135
116
17
113
177
135
9
128
116
131
114
134
157
140
170
129
48
128
84
121
127
124
65
111
26
126
85
127
98
125
128
137
70
120
101
137
18
125
100
124
85
141
64
131
132
129
88
135
150
141
179
128
200
144
29
120
54
126
16
135
160
133
127
129
139
128
61
130
135
137
30
134
100
120
162
118
196
136
126
133
180
140
43
124
16
136
164
128
88
129
18
144
35
139
60
128
155
131
185
124
152
117
83
114
89
138
8
130
170
135
103
136
138
141
22
130
62
129
18
122
128
125
16
115
78
127
152
130
156
127
179
138
18
121
122
138
54
129
43
132
160
142
48
138
110
131
28
136
104
143
168
131
169
145
141
124
129
128
163
142
43
135
23
130
73
130
181
131
53
138
69
135
93
124
193
119
54
137
127
137
28
141
16
127
78
139
148
129
112
131
6
145
148
140
53
129
104
134
154
125
138
119
20
117
166
144
30
132
194
136
77
139
8
142
20
131
41
131
103
125
104
126
24
117
189
128
118
132
137
130
117
140
110
122
151
139
15
130
187
134
64
143
24
139
8
133
128
137
69
144
65
132
21
146
182
128
106
130
67
143
161
137
35
131
56
131
171
132
119
141
124
136
184
125
37
120
128
138
200
138
189
143
45
131
109
140
93
130
42
135
98
146
180
143
173
131
72
135
69
130
196
124
132
119
65
147
174
133
44
137
60
141
67
143
101
135
12
132
115
129
45
131
190
118
44
131
166
133
102
132
165
142
147
125
70
140
197
132
129
137
120
146
178
145
177
135
174
138
86
145
191
133
23
150
15
131
122
135
116
144
99
140
153
132
113
132
70
134
99
142
139
138
57
129
111
123
186
140
186
141
128
145
70
132
19
141
81
133
173
136
156
148
191
145
29
132
152
136
192
131
123
125
180
121
169
148
119
134
68
142
12
142
26
145
175
137
52
133
139
130
110
134
21
119
11
137
199
135
110
136
194
143
168
131
177
146
139
135
179
138
86
148
21
148
160
136
62
140
56
146
137
134
71
151
143
134
55
136
102
146
34
141
108
137
83
134
133
136
160
143
54
141
142
130
92
128
155
141
73
142
31
148
111
134
108
142
69
135
35
137
19
149
115
146
9
133
13
137
128
132
109
126
11
128
156
150
199
135
105
144
168
145
82
146
133
143
172
134
55
133
120
135
181
123
196
138
129
136
120
138
169
145
74
133
88
147
146
136
64
139
166
150
187
150
186
137
173
142
39
147
130
135
18
154
54
137
58
138
7
147
12
144
20
138
10
135
194
137
19
145
172
142
160
132
32
130
80
142
136
143
88
149
192
137
18
143
150
136
57
139
124
153
45
147
147
134
99
140
45
134
108
127
57
130
38
152
190
136
172
148
184
147
149
147
199
144
36
135
48
134
89
136
80
129
43
139
170
138
5
140
5
146
69
136
167
148
138
140
19
141
135
152
108
151
182
140
115
143
16
149
126
138
141
155
109
138
156
142
41
148
130
145
192
139
72
136
195
139
192
148
95
143
37
133
146
131
63
144
98
145
87
150
1
138
66
144
14
137
185
142
66
157
109
149
167
136
148
141
82
136
189
129
71
134
78
153
65
137
25
152
69
148
55
148
93
145
39
139
98
135
88
138
58
130
102
141
45
139
183
142
182
150
130
137
104
149
102
143
181
142
145
157
193
154
23
141
71
144
116
153
5
139
37
156
33
146
39
144
42
150
63
148
187
141
193
137
40
140
8
150
103
145
5
136
19
132
154
145
4
146
101
151
53
140
25
146
145
139
7
144
129
159
188
151
6
138
116
143
53
140
133
132
95
136
149
154
103
142
84
153
191
153
129
150
78
147
196
140
79
136
52
140
91
134
29
142
96
140
176
143
24
151
124
140
67
150
200
145
1
146
10
158
63
157
96
142
29
146
32
155
189
141
175
158
58
149
41
145
74
152
70
150
113
143
189
140
177
143
144
155
10
147
105
138
28
133
165
147
70
147
133
152
157
142
155
150
27
140
59
145
85
160
43
153
24
141
123
144
44
143
107
134
54
137
79
157
86
144
107
155
143
155
132
152
49
148
144
141
168
144
87
142
139
135
103
144
60
141
112
146
163
152
68
142
11
152
65
148
188
147
99
159
146
160
60
143
33
150
10
157
80
144
174
159
4
152
177
147
115
153
146
153
115
147
28
142
199
145
184
156
88
150
34
140
160
134
116
148
175
150
120
154
47
147
103
152
34
141
118
146
10
161
61
154
127
144
170
150
104
145
166
140
120
138
17
158
167
149
140
156
149
157
119
153
180
150
182
145
200
146
149
148
70
136
136
146
181
144
2
147
113
155
192
143
105
153
12
151
82
149
29
161
70
161
188
144
26
151
4
160
89
145
17
160
133
153
70
149
134
154
35
154
74
148
66
147
122
152
18
158
76
151
113
141
171
140
118
149
188
151
12
155
167
148
194
153
179
142
51
149
151
164
152
157
95
145
69
151
177
147
115
141
163
139
139
160
77
150
16
157
129
160
133
154
120
152
117
146
188
149
171
150
13
138
64
151
20
148
12
150
49
156
78
144
43
154
31
155
143
150
59
162
141
162
50
145
179
155
37
162
166
147
148
161
28
156
115
150
29
155
173
156
162
152
47
150
115
153
130
159
99
152
170
152
175
141
8
153
63
152
177
158
91
149
35
154
154
143
14
156
132
165
108
158
130
150
184
153
40
156
5
142
198
140
55
162
59
151
149
158
47
161
167
155
98
153
180
149
143
150
33
152
165
140
65
152
91
149
35
151
67
157
171
146
17
155
100
156
189
151
129
163
112
163
54
147
197
156
112
166
158
148
33
163
175
157
127
152
68
160
118
157
151
154
52
154
106
156
6
161
149
153
166
153
166
142
101
156
163
153
121
159
177
150
87
156
199
146
176
157
140
166
195
159
107
152
182
156
189
157
87
146
115
141
54
163
114
152
123
159
192
163
41
156
87
159
58
154
78
151
29
154
185
142
192
155
198
153
11
154
61
160
29
148
13
156
28
157
101
152
105
168
71
164
34
149
77
157
8
167
109
149
72
164
190
162
9
154
83
161
75
162
1
156
172
155
46
160
84
162
22
155
16
154
47
144
11
158
167
154
122
160
198
152
189
159
134
149
6
159
118
169
142
160
50
153
189
157
32
158
55
149
7
142
77
164
84
154
182
161
32
164
45
158
134
160
181
157
148
152
12
155
47
143
33
158
184
155
21
155
82
161
114
149
52
157
73
160
5
153
23
169
113
166
128
150
127
159
159
169
1
150
128
166
47
163
29
158
60
162
30
164
9
157
100
156
21
161
10
163
125
158
143
158
63
145
129
159
52
156
73
161
120
153
88
161
161
152
164
160
80
171
117
161
179
154
91
159
17
159
159
150
37
146
113
165
169
156
139
164
26
165
27
159
183
164
79
159
128
156
90
157
172
148
99
160
72
157
73
158
33
162
113
150
183
158
113
167
87
158
194
170
133
167
190
151
85
160
27
170
143
153
40
167
150
164
34
159
52
164
179
165
170
158
162
158
146
162
75
165
83
159
186
159
124
150
40
160
119
158
20
162
113
154
197
162
76
153
140
166
116
172
53
163
43
156
95
160
152
162
113
151
166
147
107
167
78
157
126
166
104
166
7
161
66
165
65
160
40
157
77
158
12
151
73
162
124
160
141
160
25
164
152
153
50
159
103
168
131
160
147
172
18
168
3
152
121
161
142
175
200
154
165
168
64
166
140
160
140
167
42
166
182
160
175
159
108
163
169
166
176
160
36
163
159
151
117
161
122
159
153
163
145
155
169
164
158
155
3
167
130
174
85
164
80
157
78
166
135
163
99
157
12
150
105
170
81
160
138
168
56
167
144
162
140
166
54
162
186
159
106
162
71
153
134
167
174
161
105
162
107
166
118
155
130
160
126
169
15
162
42
173
183
169
78
153
187
163
3
177
58
155
191
170
65
167
164
161
117
168
83
167
86
163
181
160
200
164
129
167
105
161
89
164
129
152
152
162
89
161
46
169
136
156
72
166
13
156
76
168
3
175
155
165
178
159
45
167
68
164
139
158
40
152
29
171
32
162
3
169
27
170
151
163
158
168
152
163
199
161
144
164
200
155
133
168
134
162
115
163
8
167
8
156
84
164
108
170
159
163
62
174
56
172
47
154
73
164
151
180
104
157
74
171
63
168
51
167
33
170
62
168
45
164
21
165
149
167
39
171
74
163
134
167
43
155
41
163
157
165
9
174
180
158
54
170
159
157
66
169
41
178
39
166
163
160
2
168
108
165
181
165
92
155
87
172
96
165
147
171
182
171
28
165
29
171
50
164
198
164
98
165
106
157
85
169
70
163
196
166
111
170
101
160
20
169
99
173
133
164
7
176
47
175
165
155
162
165
43
181
94
159
121
172
195
169
189
168
23
171
175
169
92
165
199
166
155
168
168
172
128
164
121
168
76
156
143
164
32
166
176
175
186
160
98
174
60
163
188
170
176
179
88
167
126
162
138
169
194
166
122
170
118
156
132
174
69
170
195
173
24
172
95
166
84
172
83
165
60
166
153
166
183
160
49
170
79
164
31
167
83
171
56
162
188
170
97
174
135
166
94
179
101
176
108
156
139
169
40
182
37
161
5
173
21
170
169
170
2
173
14
170
134
171
14
168
151
169
133
173
114
165
58
169
125
165
181
166
139
168
69
179
11
161
51
175
15
166
138
171
64
180
24
171
99
164
172
173
7
168
167
174
58
157
10
176
33
171
50
174
154
173
49
168
31
173
169
166
102
167
105
168
108
163
28
171
94
167
199
170
52
173
62
165
131
171
119
175
169
170
156
180
81
177
55
158
130
170
55
183
121
163
76
176
179
171
137
173
4
175
41
174
60
173
127
169
182
170
123
174
91
166
146
171
65
167
18
169
24
170
42
181
197
162
138
176
37
167
83
172
119
182
170
172
111
169
194
175
6
169
111
177
151
158
11
179
198
175
184
175
91
174
172
169
195
174
108
170
131
169
174
169
42
167
129
172
128
169
17
171
148
174
138
166
111
174
163
176
29
171
36
182
100
179
113
159
55
171
176
184
172
167
137
179
194
173
73
175
5
177
24
176
193
175
109
173
159
172
146
176
49
167
108
173
27
170
81
172
96
172
78
182
129
163
158
178
182
172
79
174
1
183
14
174
200
171
165
177
149
170
89
179
143
162
117
181
34
176
13
176
31
177
74
176
100
179
47
171
20
171
97
173
125
171
66
173
131
172
93
174
58
175
26
167
134
179
107
177
136
172
155
183
87
180
48
162
103
178
87
185
114
169
25
181
98
174
162
178
87
178
69
177
2
176
19
174
112
178
23
177
100
168
35
174
11
172
175
173
162
173
47
183
103
164
64
179
107
173
26
177
77
184
28
175
83
172
145
178
24
171
143
180
67
167
141
183
188
177
143
177
19
178
92
179
43
181
130
174
162
172
42
178
152
173
179
177
51
175
42
175
17
177
134
169
178
180
13
178
199
174
115
184
190
181
134
172
188
180
9
186
199
170
127
182
158
176
119
179
51
179
97
180
68
179
144
176
73
179
26
179
156
169
179
176
10
178
24
176
112
174
187
184
105
166
36
181
52
178
71
181
162
185
16
177
38
177
103
179
153
172
68
183
135
169
47
184
29
178
100
180
162
179
127
180
12
182
138
176
182
175
130
179
20
174
149
181
179
176
178
179
135
183
73
173
165
181
30
182
94
175
118
186
102
182
115
173
190
182
163
188
69
177
44
183
96
178
68
183
195
180
114
181
142
183
117
177
165
180
108
181
195
170
22
177
184
181
25
177
102
176
172
185
95
170
172
182
190
180
162
182
72
186
27
178
199
181
117
181
22
173
79
187
26
170
130
185
3
179
47
181
150
183
123
181
190
185
26
178
147
176
99
180
68
176
59
183
173
178
51
181
198
184
64
176
110
182
6
183
165
178
175
187
43
184
16
178
152
184
76
190
192
178
54
184
7
180
86
185
181
182
86
182
191
184
151
180
72
183
164
183
184
171
178
183
74
182
197
178
33
177
63
186
40
174
20
184
119
181
89
183
113
188
7
181
44
182
30
183
155
174
112
188
14
171
1
189
161
181
24
183
78
185
189
182
17
186
151
179
145
179
151
181
128
178
148
184
147
182
113
185
121
185
170
179
24
184
21
184
81
182
24
188
9
185
89
180
82
185
47
191
15
180
104
185
155
181
37
186
92
183
59
183
172
185
104
183
82
184
157
185
198
180
85
185
121
186
146
180
29
179
168
190
13
178
5
185
25
183
92
187
143
189
183
185
183
186
132
185
150
180
128
190
177
175
99
190
153
184
18
189
64
188
2
183
178
188
17
185
165
180
14
183
158
182
145
185
86
186
182
187
88
187
76
182
48
186
58
185
123
183
165
189
140
186
5
185
107
186
58
192
62
181
45
188
14
183
155
187
61
185
52
184
178
188
46
185
174
185
170
187
177
181
116
187
23
188
171
184
148
180
96
192
98
185
145
187
66
185
103
190
90
190
94
189
135
187
89
186
30
181
43
191
172
182
20
191
63
186
103
191
123
189
51
184
177
189
156
187
86
183
10
185
69
184
161
187
32
188
37
188
104
190
81
186
196
187
61
188
155
184
108
190
152
188
103
187
124
189
44
193
160
183
59
189
36
186
192
190
127
186
87
190
122
189
133
186
142
187
190
188
26
182
9
189
100
189
126
185
66
181
173
193
130
188
147
190
49
186
134
191
131
191
156
190
122
188
93
188
38
182
35
192
103
183
122
194
197
187
11
192
41
193
192
185
139
191
195
188
177
184
137
188
179
186
182
188
10
189
189
191
86
191
102
191
128
190
53
190
50
190
2
191
170
189
71
191
2
191
171
194
156
184
1
193
136
188
27
193
103
188
143
194
105
194
178
188
116
189
153
191
96
188
53
192
161
191
43
187
185
183
39
194
2
189
171
191
192
187
180
192
135
193
84
192
21
189
27
190
9
186
155
193
46
188
159
195
23
189
77
193
88
195
111
188
52
192
142
190
97
189
15
191
191
189
124
190
145
190
159
192
92
195
14
195
145
191
35
193
185
192
119
195
42
192
36
192
172
193
165
195
136
185
122
194
110
189
153
194
172
191
134
195
89
196
101
190
173
190
113
194
189
190
26
195
139
192
3
189
43
189
119
195
151
191
188
192
18
189
99
193
181
194
162
194
45
190
199
193
80
188
154
194
168
189
145
196
196
191
17
196
121
196
186
195
80
193
64
191
141
191
80
195
75
193
74
195
154
193
95
193
180
196
151
196
123
193
192
195
144
195
107
196
198
195
67
194
19
194
51
196
113
187
73
195
132
196
195
196
119
192
56
196
67
197
18
191
144
192
200
195
178
191
111
197
35
197
33
193
111
192
91
196
60
193
132
193
174
194
143
195
8
197
127
197
10
192
149
195
46
190
162
197
69
190
37
197
183
192
178
197
107
197
20
196
176
196
150
193
1
192
186
196
122
194
71
197
78
195
122
194
78
197
111
197
36
194
166
196
11
197
116
197
127
196
163
196
158
195
64
197
8
190
90
196
42
197
181
197
189
193
9
198
30
198
198
192
9
193
111
196
154
194
98
198
54
198
10
194
191
196
104
198
144
194
129
195
43
196
105
196
84
198
106
198
12
193
142
196
4
195
186
198
59
192
173
199
27
195
30
198
76
199
118
198
157
198
177
197
126
194
163
198
48
196
140
198
168
196
59
195
186
199
188
199
144
195
42
198
125
198
149
198
46
197
35
197
145
196
138
199
26
194
119
197
11
199
188
198
80
194
79
199
180
199
22
195
11
196
93
198
66
197
78
199
117
199
53
198
190
197
93
199
183
195
115
198
3
197
147
197
32
199
62
200
165
195
125
198
71
196
173
200
15
194
187
200
38
200
22
199
4
200
23
199
194
200
137
198
71
196
17
200
99
198
90
200
68
200
8
197
147
200
185
200
63
200
159
199
191
200
124
200
96
200
125
200
37
198
131
200
2
198
178
199
151
200
18
199
138
198
138
200
73
200
157
197
113
198
140
199
162
199
61
200
122
200
16
199
182
198
144
200
159
196
101
199
88
200
73
200
68
200
