%%MatrixMarKet matrix arrary real general
100 12
7
2
5
1
5
1
15
3
5
1
15
2
24
1
12
1
6
4
13
1
7
4
2
3
18
3
7
1
15
1
17
1
4
2
20
1
3
1
22
1
19
1
8
1
14
1
8
1
10
1
1
2
24
4
1
4
3
1
3
2
13
1
13
1
11
3
11
1
21
3
15
3
14
1
10
2
11
1
17
1
6
1
22
1
12
1
18
4
16
2
5
1
24
1
14
2
9
3
18
3
9
4
17
2
19
2
1
8
16
8
22
3
10
6
5
3
1
10
8
3
1
8
19
5
6
4
15
2
5
3
6
4
23
5
17
3
12
4
18
3
6
5
11
2
6
2
6
2
16
7
7
3
2
6
3
5
6
5
12
5
22
2
14
2
10
5
23
2
1
4
16
5
2
5
1
3
5
6
21
5
23
2
24
2
21
4
7
5
8
4
6
3
9
3
1
4
12
7
11
7
13
6
13
6
9
4
7
9
21
9
6
4
3
8
18
4
5
12
10
4
12
9
21
7
9
5
22
4
22
4
10
7
11
6
22
5
15
7
7
4
16
7
22
3
8
3
16
3
4
8
20
5
20
10
11
6
24
8
9
8
10
6
18
3
24
7
20
3
13
6
18
7
15
8
4
5
3
9
16
7
13
4
7
4
2
5
12
6
6
7
13
7
17
4
23
6
6
8
5
8
20
8
4
7
7
11
6
10
6
11
8
5
2
9
14
8
22
13
15
6
23
10
6
8
2
7
12
5
14
6
5
9
17
8
2
8
2
9
12
5
4
8
23
4
15
4
11
7
19
9
17
10
7
11
19
7
7
9
22
10
9
7
16
7
20
9
6
4
20
7
6
9
11
9
8
6
2
12
3
8
3
5
18
5
15
8
13
8
23
9
8
9
18
5
8
9
13
10
17
9
5
10
19
10
13
14
17
12
3
12
17
7
5
11
7
9
9
14
2
9
2
11
4
9
20
8
20
9
8
7
18
11
9
10
21
12
8
13
20
8
20
9
17
5
17
5
14
10
3
11
23
12
5
13
2
8
12
10
7
11
19
8
4
8
17
12
5
8
10
12
23
10
22
12
16
9
7
13
4
12
17
7
13
6
7
10
1
10
21
11
24
10
12
6
5
11
1
11
23
10
18
15
18
11
12
15
5
13
14
13
19
11
16
12
21
11
3
16
5
11
19
13
1
10
1
15
10
11
19
10
23
12
22
12
11
13
5
17
19
9
18
11
14
9
9
7
18
12
21
13
9
14
8
14
15
12
2
11
24
13
21
12
19
9
23
13
17
10
2
14
1
11
16
13
15
11
15
14
9
13
19
8
10
8
11
17
3
11
22
13
22
12
14
7
3
12
22
14
1
12
19
16
3
12
3
17
14
18
10
15
18
14
7
13
6
15
8
17
19
12
20
14
20
12
11
16
17
14
24
12
2
13
24
14
7
15
6
19
2
13
2
12
12
10
18
11
23
15
12
17
15
16
23
15
24
13
15
13
17
14
15
14
23
12
8
14
21
12
9
17
22
12
7
18
24
12
23
16
20
14
20
12
14
9
13
18
9
14
5
14
17
14
8
11
18
15
5
15
13
14
12
17
15
14
6
18
16
19
19
17
13
16
17
14
16
17
7
18
18
14
5
16
11
13
13
17
8
16
23
16
15
16
18
15
9
16
10
20
23
14
3
14
13
15
20
12
13
19
6
18
13
18
1
17
21
14
18
16
4
15
3
16
15
17
6
15
13
14
11
18
8
13
6
19
21
13
8
17
11
15
9
15
3
12
9
19
20
15
10
15
11
18
21
13
22
16
2
16
20
15
11
21
8
20
10
20
20
21
23
18
9
20
22
15
13
19
11
19
22
17
15
17
23
14
14
21
18
19
11
17
14
19
13
16
6
18
14
21
6
15
22
17
7
16
24
16
17
20
2
20
6
19
3
18
10
18
19
17
16
18
18
17
11
20
1
16
7
15
16
19
2
14
4
20
23
17
24
18
6
18
14
18
11
15
3
20
2
19
3
17
15
19
23
15
13
17
24
17
19
16
1
22
9
22
16
22
2
22
2
20
1
21
18
20
10
22
15
20
7
20
18
21
16
15
19
22
6
21
13
18
3
20
3
19
4
19
11
22
16
17
13
21
6
18
21
19
4
21
5
22
11
21
16
19
17
20
4
20
19
20
4
20
6
21
2
18
9
16
15
22
21
19
3
21
14
18
20
19
23
19
11
21
16
17
14
22
23
21
1
18
16
20
19
16
7
19
21
18
2
21
3
23
16
23
8
23
11
23
4
22
10
23
19
21
20
23
2
21
16
21
3
22
22
18
10
23
13
23
2
20
21
22
7
20
10
23
18
23
11
21
10
23
19
20
13
22
9
22
15
23
8
22
9
21
16
22
14
21
1
21
5
23
10
22
19
21
22
19
5
23
4
20
17
23
20
19
10
21
2
22
10
22
23
20
6
23
16
22
19
20
4
21
2
20
10
21
4
20
6
22
14
24
21
24
21
24
4
24
7
24
12
24
4
23
2
24
23
24
23
24
6
24
17
24
12
24
3
24
9
21
8
24
1
21
14
24
16
24
10
24
15
24
24
21
10
23
5
24
14
24
4
24
12
22
9
23
23
22
6
23
11
24
5
24
4
22
18
24
8
24
17
24
10
24
7
22
4
22
10
24
16
24
19
21
16
24
17
24
12
24
2
23
10
22
20
24
19
23
4
24
