%%MatrixMarKet matrix arrary real general
100 10
6
2
4
1
4
1
12
2
5
1
13
2
20
1
10
1
5
2
11
1
6
3
2
4
15
3
6
1
13
1
14
1
4
1
17
4
3
1
18
3
16
1
7
1
12
1
6
1
9
6
1
2
20
5
1
3
2
1
2
1
11
1
11
1
9
3
9
1
18
3
13
3
11
1
8
2
9
1
14
1
5
1
19
1
10
1
15
4
13
2
4
1
20
1
12
3
8
3
15
3
8
3
14
5
16
3
1
3
14
3
18
3
8
7
4
2
1
7
6
3
1
5
16
6
5
4
13
2
4
2
5
3
19
2
14
8
10
7
15
7
5
6
10
2
5
2
5
2
14
7
6
3
2
8
2
4
5
4
10
4
19
2
12
2
8
4
19
2
1
4
20
7
2
4
1
4
4
3
17
6
19
2
18
3
18
4
6
8
7
9
5
2
8
2
1
5
10
6
9
5
11
5
11
8
7
5
6
7
17
4
5
4
3
9
15
3
4
10
8
7
10
7
17
7
8
6
18
3
18
3
9
6
9
5
18
10
12
9
6
8
13
7
18
3
6
3
13
7
3
8
16
4
16
9
9
5
20
7
7
6
8
4
15
4
20
6
16
3
10
5
15
8
12
7
3
5
2
8
13
9
11
4
6
4
2
5
10
9
5
10
11
3
14
3
19
8
5
9
4
6
16
7
3
9
6
8
5
8
20
6
7
6
2
10
12
7
18
12
12
9
19
8
5
8
2
7
10
4
12
5
4
7
14
6
2
11
2
14
9
10
4
8
9
4
13
4
9
8
16
10
14
7
6
10
16
6
6
8
8
9
18
5
13
6
16
10
5
6
17
6
5
9
9
8
7
9
18
10
2
10
3
6
15
5
12
8
18
11
19
11
6
7
18
4
7
9
11
12
14
7
4
10
16
10
10
9
14
9
2
7
20
8
4
11
6
9
8
13
2
10
2
9
3
10
16
12
16
7
6
7
20
8
7
8
1
12
6
15
16
11
20
9
14
8
14
8
11
12
2
11
5
9
4
11
19
8
10
9
5
11
16
6
3
7
14
11
4
8
8
9
19
10
18
10
13
11
6
11
4
11
14
9
11
7
6
11
1
12
6
12
20
9
10
5
4
11
1
13
19
8
14
12
15
12
19
11
4
10
11
9
15
9
12
14
11
14
3
14
4
13
15
12
1
11
1
13
8
9
15
8
19
10
18
11
9
13
4
16
19
12
14
11
11
12
7
9
14
15
15
12
8
11
7
12
12
10
18
11
3
14
7
9
18
8
19
12
13
11
2
13
1
11
13
14
12
14
12
13
7
12
15
12
8
9
9
13
3
13
18
14
10
14
11
9
2
13
18
14
1
11
15
13
2
13
2
13
11
15
8
10
14
11
5
15
5
16
6
15
15
16
16
13
19
13
9
14
14
11
17
11
2
12
3
12
6
15
5
17
2
13
2
15
17
13
16
10
4
16
20
13
12
13
19
13
20
13
12
13
13
16
12
10
20
10
7
13
18
12
7
14
14
12
6
15
20
15
19
14
3
15
13
16
16
10
20
15
7
14
4
15
13
15
6
12
14
15
4
15
10
12
9
17
18
17
20
14
20
16
15
13
10
12
13
16
13
17
20
16
14
17
4
17
9
14
10
17
20
12
19
14
11
15
17
15
7
16
8
18
1
14
3
17
19
15
17
15
10
17
5
17
10
17
1
15
15
14
14
16
15
17
3
15
19
14
5
15
10
14
16
15
6
16
5
16
6
16
7
15
8
16
7
17
2
13
7
16
16
17
8
16
8
16
7
16
18
16
2
16
16
13
19
18
6
19
18
15
13
17
12
18
17
16
17
18
20
18
9
17
18
19
11
18
15
18
11
18
19
15
9
16
13
17
10
16
5
19
11
19
4
17
12
18
6
16
11
18
18
19
1
18
18
19
14
17
7
17
15
17
12
18
14
17
9
16
1
17
17
15
12
19
2
17
3
17
19
17
20
16
5
18
10
18
17
14
3
17
2
19
3
17
18
17
13
17
10
17
7
17
20
17
1
20
7
20
12
17
19
18
16
19
1
19
6
19
8
19
11
19
5
20
14
20
12
20
20
19
5
17
10
20
16
18
13
20
3
20
13
20
5
20
10
19
5
20
20
19
3
20
4
19
15
20
3
18
11
18
3
19
20
19
13
20
5
17
2
18
7
20
11
20
4
18
19
20
10
18
5
17
19
20
8
20
12
20
14
19
5
20
1
20
12
19
15
19
6
20
19
20
2
18
