%%MatrixMarKet matrix arrary real general
100 45
24
2
17
2
16
1
53
2
19
3
55
1
90
2
42
2
20
4
46
2
25
4
7
4
64
2
23
1
55
1
62
1
14
2
75
1
11
1
79
7
71
2
28
4
52
1
27
1
38
1
2
4
88
2
3
5
9
2
9
1
47
1
46
1
41
1
41
1
78
4
57
1
50
5
36
1
39
1
62
1
20
1
83
3
44
2
67
2
58
2
17
1
88
1
53
3
33
1
64
1
34
3
63
3
72
3
1
3
61
5
84
2
36
3
19
3
3
5
28
3
1
7
73
5
22
7
57
2
18
2
22
2
87
4
64
6
44
2
69
9
23
4
43
5
20
2
21
2
62
2
26
5
8
5
8
6
22
3
44
4
85
6
53
2
36
4
89
5
1
5
61
3
8
6
2
3
19
3
78
2
87
2
84
4
82
4
26
4
29
4
22
3
34
2
4
5
44
3
39
2
51
4
51
4
34
4
26
4
81
6
24
3
11
4
71
4
19
6
38
5
45
9
83
6
35
9
85
3
86
3
40
5
42
5
85
13
58
3
25
10
62
6
88
6
30
3
62
6
14
4
77
7
77
10
42
7
10
7
33
7
38
7
72
3
43
5
78
6
49
6
71
5
58
7
13
7
10
5
61
3
51
3
26
5
6
7
45
6
22
6
52
4
68
4
1
7
24
5
18
8
80
5
15
5
29
5
25
5
25
7
34
5
7
6
57
5
88
7
61
7
2
17
24
8
8
11
49
4
57
5
20
8
68
6
7
15
6
4
47
12
17
8
46
8
62
4
46
8
79
8
70
9
29
11
78
9
29
11
37
8
37
14
64
4
80
6
21
8
83
7
23
7
44
9
33
8
7
6
11
4
13
4
73
7
62
8
51
11
33
8
31
6
72
5
33
8
53
7
67
10
18
7
82
7
52
6
70
7
9
8
70
7
21
9
28
6
39
11
8
11
6
18
15
11
83
13
88
8
32
6
75
9
36
8
5
16
32
5
83
13
83
10
73
9
71
6
57
13
11
10
27
10
20
13
89
10
51
12
26
10
82
16
14
5
73
9
20
9
42
9
66
10
62
14
65
10
29
8
17
10
73
9
56
8
27
14
3
17
31
9
21
7
50
7
21
9
4
8
45
11
77
8
81
12
86
8
23
10
60
11
89
10
68
10
62
9
12
14
20
13
82
19
3
13
1
14
44
10
85
8
27
10
46
9
49
17
20
7
84
16
79
13
62
17
37
8
79
16
84
16
41
11
35
14
65
11
8
13
13
16
39
18
82
6
44
11
73
10
8
10
2
11
72
15
64
11
66
13
40
13
82
11
45
11
47
15
13
19
26
12
56
15
59
8
11
10
26
12
4
15
87
10
11
13
11
12
61
11
45
13
81
12
29
12
25
10
33
15
24
15
8
21
16
14
49
15
79
11
69
12
7
11
18
10
33
19
25
9
8
17
9
16
52
18
81
9
24
17
53
17
67
12
7
17
90
12
70
15
76
18
70
19
87
9
37
12
24
11
41
11
81
14
33
16
43
12
24
14
18
22
76
12
62
13
58
18
38
20
20
13
75
16
33
10
83
13
23
13
59
16
55
12
70
18
25
13
76
13
68
14
64
13
81
13
78
12
31
16
23
17
90
22
54
17
90
16
36
12
22
14
70
14
16
13
43
21
48
10
6
19
15
19
85
19
82
12
64
18
29
18
62
13
1
18
73
17
72
16
19
21
15
22
71
11
29
13
60
12
50
12
37
15
30
18
37
14
90
17
50
23
44
14
12
14
43
20
5
21
47
15
50
20
39
11
89
15
9
15
54
28
52
13
39
20
48
14
78
14
79
17
42
14
14
15
64
14
55
17
51
18
73
23
2
19
72
17
40
14
87
15
72
15
64
15
31
22
69
14
27
23
81
22
35
20
69
13
66
23
6
19
28
15
12
19
47
21
88
20
80
24
77
23
56
12
2
14
33
13
82
14
8
16
17
19
4
16
56
18
31
24
68
15
54
15
16
23
10
24
16
19
73
24
45
15
65
16
89
17
85
29
6
16
45
21
85
17
6
16
86
18
6
15
38
17
53
17
81
18
35
19
10
27
1
22
4
18
31
15
68
17
12
17
83
17
18
23
59
15
30
28
69
24
31
21
84
16
89
26
23
22
55
16
16
21
77
23
19
21
12
25
20
24
32
13
10
20
47
14
79
16
30
20
12
21
71
17
34
25
12
25
55
16
58
16
71
25
37
29
1
21
77
25
75
16
38
17
67
18
9
30
17
19
85
22
41
18
84
17
22
23
52
16
82
18
37
18
10
21
53
21
15
28
32
23
53
19
72
16
9
19
26
23
35
19
52
25
33
16
58
31
54
27
78
23
70
21
49
28
27
24
45
17
50
22
57
24
79
25
6
27
27
25
89
15
56
22
26
17
28
17
87
21
83
22
6
18
54
30
8
26
56
18
37
17
32
28
8
30
30
27
89
27
12
18
56
19
21
19
32
31
14
20
19
24
40
21
85
18
39
24
73
19
19
20
8
21
1
23
45
25
35
29
65
25
70
20
13
17
52
20
47
24
1
22
60
26
36
19
60
32
74
28
48
26
56
22
30
29
83
25
19
18
68
23
53
26
32
30
32
28
66
29
26
16
21
25
35
19
44
23
49
25
88
23
41
19
20
31
56
27
58
21
57
18
13
29
1
31
70
32
9
30
56
20
27
20
35
20
22
33
54
22
60
25
42
22
8
19
87
30
8
22
61
25
34
26
69
27
9
30
71
30
30
27
79
23
37
18
40
21
13
25
66
23
8
29
62
21
1
33
5
29
37
29
31
23
53
31
75
30
43
20
40
24
49
29
24
34
43
30
51
30
48
17
18
28
59
22
52
25
41
27
34
24
52
21
12
32
7
28
57
22
87
21
51
30
64
35
25
34
88
32
13
21
71
22
10
22
50
34
30
23
14
26
43
24
74
20
44
31
23
25
8
26
90
27
24
29
90
31
66
33
78
29
44
32
66
19
90
24
51
28
82
24
24
32
72
22
80
37
48
31
67
33
25
24
52
32
46
31
1
21
57
30
63
32
49
35
68
34
2
31
60
18
27
31
4
23
27
29
4
28
1
27
31
22
26
35
19
30
23
24
20
24
21
31
12
36
36
37
5
33
47
23
40
23
52
25
6
40
59
27
31
28
66
28
32
22
20
34
59
26
35
28
11
30
38
32
89
32
56
34
21
31
46
33
77
20
66
26
88
30
73
25
76
35
18
23
15
38
14
32
34
36
65
27
25
33
85
33
63
22
67
31
39
36
14
36
17
36
63
32
21
19
60
32
16
27
22
30
6
29
70
29
39
26
21
37
73
32
5
26
36
27
37
33
34
39
87
38
59
34
83
24
46
28
75
27
79
42
38
31
65
30
63
30
35
24
16
35
20
28
87
30
70
31
76
34
33
34
44
37
33
35
28
34
56
24
64
27
19
31
72
27
9
37
68
26
34
39
3
34
7
38
11
28
68
35
12
37
24
23
59
32
25
37
63
37
70
39
9
36
57
22
64
33
61
28
87
31
32
31
61
31
24
28
74
42
60
33
60
27
71
29
78
34
14
40
86
39
83
36
90
27
69
30
2
29
51
46
78
33
73
34
9
32
72
27
29
36
39
29
42
32
1
32
30
37
4
37
36
38
34
37
27
37
27
28
34
31
63
32
45
28
39
38
30
27
24
40
39
38
32
39
39
29
15
36
40
39
36
25
73
34
28
38
50
38
83
40
8
41
77
23
58
35
64
34
66
34
43
33
60
32
61
30
60
43
29
35
63
28
78
30
19
35
83
41
72
42
71
37
30
31
49
31
49
34
62
47
73
35
90
36
81
33
43
29
65
37
50
30
1
33
20
35
72
40
85
39
83
39
40
42
77
42
50
34
71
33
77
33
20
30
4
40
42
29
85
41
21
40
13
40
44
33
4
41
54
41
29
31
84
36
87
40
27
39
61
42
35
42
31
27
83
38
2
37
60
36
9
35
11
35
80
34
44
45
72
36
7
31
9
31
89
36
32
42
11
43
10
41
3
32
59
35
16
36
27
48
28
39
33
37
65
36
86
30
40
38
11
31
71
34
73
36
26
41
29
40
12
40
48
43
63
43
62
35
11
35
52
34
47
31
68
44
31
34
21
43
36
43
45
41
68
34
37
42
35
42
48
33
43
39
70
41
75
40
89
45
17
43
45
28
81
42
36
38
46
37
83
36
43
40
25
35
75
46
89
38
71
35
35
33
3
38
15
43
80
44
44
42
6
37
25
36
79
37
77
52
56
40
6
38
20
37
55
34
85
42
79
33
23
39
80
40
35
42
60
41
79
41
9
44
84
45
43
39
56
36
6
35
38
33
86
45
60
39
59
44
46
47
27
42
45
35
10
43
52
43
53
37
4
41
33
43
26
41
31
46
74
45
65
35
75
45
72
39
33
48
13
38
79
41
56
38
89
47
42
41
8
36
40
38
9
39
22
44
17
46
39
43
89
38
37
39
90
38
12
53
66
41
47
40
90
38
51
36
63
46
68
37
45
43
16
41
63
43
87
44
80
42
84
46
10
48
25
42
82
41
68
36
62
34
3
47
49
40
35
45
1
51
16
44
42
36
7
44
3
44
84
38
74
42
18
44
47
44
11
47
10
48
78
36
40
46
25
40
88
51
22
39
25
42
83
42
38
48
34
43
72
37
64
39
68
40
88
46
10
50
54
45
78
40
79
42
80
40
44
55
15
44
27
41
2
44
69
37
50
47
58
38
86
46
29
43
2
45
43
47
47
43
55
49
38
50
29
46
77
42
57
37
88
43
10
48
67
41
3
46
42
55
25
49
19
41
39
47
32
45
72
39
66
44
16
45
43
45
41
48
40
49
62
37
3
50
62
42
59
55
70
40
59
46
20
45
58
49
21
45
79
39
10
41
61
41
28
48
23
51
14
46
76
41
18
43
59
43
14
56
45
46
57
42
74
45
75
39
15
48
9
41
85
48
77
45
22
46
80
50
85
48
90
50
47
51
71
51
25
44
38
41
51
44
56
51
56
43
81
50
53
56
80
50
75
43
50
48
7
48
34
44
85
45
64
46
67
46
3
49
26
50
81
40
34
51
52
43
72
56
80
42
36
47
9
47
33
50
80
48
19
40
68
42
12
42
89
52
40
52
68
47
36
42
68
44
71
45
49
58
9
48
84
43
7
46
33
40
75
49
17
43
78
49
15
47
8
47
84
55
24
49
72
51
36
52
47
52
4
47
29
44
54
48
61
53
88
45
86
51
88
58
54
56
54
46
71
51
86
49
30
47
28
46
14
48
66
52
23
50
33
53
10
41
24
53
15
44
26
57
55
44
71
48
89
48
23
53
39
49
48
41
70
43
1
46
33
53
45
53
13
48
9
43
87
45
54
46
57
60
86
49
23
48
70
50
73
41
10
51
71
46
66
50
44
48
71
48
27
56
5
50
86
56
6
55
73
53
38
48
16
45
60
49
87
55
83
51
18
52
20
59
51
57
26
49
74
54
20
55
79
49
63
47
35
54
42
53
84
52
88
54
39
44
71
55
29
45
15
58
45
46
75
49
87
49
51
55
53
54
78
42
6
44
24
48
16
55
59
55
2
51
46
44
54
48
83
47
21
61
26
50
32
49
73
51
71
44
32
53
21
48
5
51
82
49
60
51
77
57
32
51
18
59
41
58
41
55
43
49
43
49
7
50
46
57
35
53
5
53
52
61
60
58
67
51
45
55
66
56
71
52
70
48
30
55
23
54
20
54
4
55
84
47
52
57
63
49
24
61
19
48
28
51
84
50
52
61
71
55
33
43
34
47
11
49
71
57
5
56
19
53
25
48
63
51
58
48
43
63
1
53
10
52
39
54
31
45
28
54
77
49
41
52
7
52
73
53
54
58
26
52
75
60
3
59
70
58
7
50
61
50
37
52
34
59
28
54
71
54
37
63
30
59
73
53
5
56
5
57
64
54
37
49
15
56
80
55
71
55
84
56
30
50
39
61
55
50
20
62
60
51
54
52
57
51
15
62
20
57
25
45
25
49
56
50
66
58
61
57
23
55
73
53
29
52
57
50
37
65
25
57
66
53
58
55
54
46
89
55
69
51
31
54
39
56
25
54
16
59
87
53
12
61
30
60
33
59
10
51
90
53
77
55
28
63
80
55
63
55
50
64
63
61
79
55
38
58
90
58
50
56
89
51
69
59
57
56
66
56
52
57
33
52
23
62
46
53
54
63
50
52
56
53
69
53
9
63
44
59
17
47
81
50
76
52
49
59
48
60
8
58
64
54
6
55
11
55
17
68
74
58
78
54
35
57
83
48
88
56
18
54
67
55
33
58
65
56
48
62
84
54
28
62
21
61
68
60
58
53
48
54
59
57
14
65
47
57
4
56
45
65
14
64
7
57
40
59
34
59
35
57
15
52
2
60
69
58
51
57
64
59
34
54
48
63
90
54
2
64
75
53
39
55
77
55
71
64
65
66
30
49
28
52
45
60
23
60
41
62
26
61
71
55
60
57
69
56
66
70
21
62
9
56
47
59
67
49
59
57
27
57
72
56
50
59
52
57
22
63
68
55
41
63
39
62
5
61
30
54
67
55
90
58
20
66
74
61
42
57
41
66
83
65
48
58
3
60
15
60
89
58
26
54
4
61
82
59
29
58
5
60
38
55
16
65
82
56
32
65
26
54
4
57
15
58
2
65
47
67
29
50
51
53
26
64
50
61
14
63
62
63
49
57
32
61
78
61
23
71
29
64
1
58
23
61
68
50
27
58
32
60
64
57
13
60
13
64
75
64
31
57
66
64
26
65
87
63
61
60
3
56
29
63
54
67
24
63
20
61
57
67
11
66
38
59
20
63
50
61
51
59
9
56
52
62
89
60
87
59
11
61
24
58
30
66
74
57
3
67
34
56
3
63
32
59
79
67
51
69
38
54
85
60
59
66
76
62
24
64
11
66
82
58
88
62
41
62
76
72
36
67
64
59
60
62
15
52
4
62
78
61
16
59
88
61
58
66
6
65
20
59
53
67
24
67
9
65
16
63
82
58
3
65
30
69
37
64
82
62
30
68
70
68
17
60
82
65
21
63
82
60
87
58
27
66
85
61
14
62
69
65
49
59
47
67
51
58
18
68
78
59
10
64
73
62
11
68
15
70
34
59
48
61
10
67
70
63
84
65
49
67
22
61
72
64
42
65
25
73
60
68
83
61
10
67
77
57
67
64
56
62
88
60
55
63
28
67
10
66
67
61
52
68
54
69
89
67
29
65
42
59
75
67
11
72
17
65
49
65
44
70
47
69
18
61
22
67
88
64
87
61
71
60
79
68
5
62
73
65
28
68
80
63
26
68
30
65
47
69
63
62
77
67
44
63
27
69
85
74
83
61
23
63
54
69
56
65
89
67
87
69
28
62
12
66
6
66
26
74
11
69
50
62
26
69
38
58
2
66
44
63
58
62
76
65
61
68
52
68
72
62
47
69
68
71
38
69
75
67
73
64
21
69
12
73
46
66
11
66
77
72
10
74
89
63
9
69
82
67
6
66
62
61
51
71
68
64
35
69
89
71
70
67
19
69
84
67
45
70
12
65
26
69
54
66
83
70
5
75
66
62
75
65
72
70
7
68
49
68
57
70
80
66
2
67
32
68
36
75
47
70
29
67
15
75
28
59
1
69
76
66
22
63
23
66
79
70
67
69
46
63
36
70
31
73
54
74
62
72
39
65
32
70
62
74
52
70
29
67
49
73
55
75
83
64
78
70
47
69
8
68
69
64
19
72
28
65
63
72
46
72
25
68
89
70
18
68
21
71
18
67
74
73
27
68
40
72
37
76
46
65
1
66
57
73
74
69
78
69
40
72
51
67
24
73
86
70
13
78
37
71
35
69
19
76
63
60
71
70
80
67
47
65
89
69
49
74
42
70
74
64
58
71
66
74
7
75
37
73
80
69
61
74
41
78
89
73
64
70
11
76
2
76
86
66
12
73
81
70
81
73
27
65
82
74
6
71
60
74
44
73
43
69
8
72
3
69
43
73
84
68
66
76
60
70
87
73
6
77
69
70
46
67
63
74
90
72
28
73
90
74
65
69
80
74
30
72
35
80
43
72
46
72
49
77
87
62
33
74
65
72
27
70
51
72
44
75
79
71
70
65
38
74
25
75
30
76
70
74
66
71
40
76
50
79
38
75
26
72
12
78
72
77
15
72
88
76
51
71
3
74
55
72
31
75
74
73
5
75
58
75
29
73
76
74
85
70
53
74
64
69
68
78
46
72
86
76
52
79
32
74
86
69
80
75
54
75
54
74
65
76
14
70
41
75
74
73
7
81
81
76
16
74
84
78
80
64
73
76
4
74
74
73
54
74
50
77
82
72
86
69
45
79
86
76
64
78
28
76
79
74
71
78
27
80
81
76
77
73
35
80
3
79
50
74
34
77
65
73
14
75
33
75
22
76
17
76
22
77
12
76
8
74
49
77
66
71
13
77
88
73
2
80
40
74
16
77
58
81
10
75
90
72
22
77
18
77
71
75
29
78
52
74
47
76
31
76
38
82
75
79
55
75
31
79
21
65
21
77
90
75
44
75
22
79
62
78
36
73
14
75
76
80
40
78
45
80
59
78
46
76
39
79
36
81
13
77
75
74
18
82
53
81
47
76
72
80
9
74
85
76
53
76
34
80
18
77
2
78
62
78
42
75
15
79
87
75
75
80
17
76
13
81
90
76
22
78
68
82
52
77
59
74
79
81
47
79
3
76
35
79
26
77
70
77
64
77
20
83
61
83
8
76
53
80
89
66
52
78
40
82
24
76
38
81
86
80
26
74
3
76
20
81
5
80
32
81
39
80
18
78
41
80
77
82
12
79
14
76
26
84
71
82
10
77
75
81
68
76
69
78
86
78
20
81
4
78
15
79
13
79
51
76
59
82
31
76
19
81
58
77
38
82
67
78
57
80
16
83
67
81
32
76
65
83
25
80
18
77
28
80
35
79
58
81
63
81
24
84
42
84
68
77
56
82
47
79
41
80
35
83
40
77
46
83
82
83
14
76
13
77
77
82
56
81
6
82
46
81
60
81
53
81
71
83
78
84
68
78
33
85
15
84
40
78
84
83
36
77
65
80
90
79
58
83
31
81
53
81
3
80
20
83
17
84
77
79
38
84
47
79
20
84
75
79
4
81
46
84
53
84
19
79
53
84
27
81
7
79
18
81
63
81
78
82
28
82
19
86
32
85
87
79
64
83
12
81
12
82
36
85
79
80
67
84
36
84
12
78
11
78
26
85
12
85
48
83
23
83
21
83
56
84
70
84
82
85
2
87
60
86
22
86
5
80
19
85
13
78
42
83
3
80
50
84
1
83
64
82
87
81
61
85
7
85
83
80
35
85
72
85
45
85
29
81
36
82
9
86
80
85
22
80
85
86
78
82
35
81
12
82
19
84
14
84
60
84
41
87
82
88
71
80
68
87
56
82
72
83
53
86
37
83
24
85
59
85
1
83
58
81
57
87
57
87
21
84
45
84
86
84
12
85
42
88
8
86
22
88
25
87
24
87
14
87
14
86
28
80
32
86
6
81
13
85
48
84
38
85
21
83
7
86
54
86
48
81
40
86
82
86
87
86
5
85
28
84
14
87
88
86
2
82
55
87
73
84
90
82
60
84
29
85
26
85
51
85
69
88
65
89
88
86
27
88
9
88
26
84
45
87
69
84
68
86
9
89
81
86
60
88
10
88
29
88
22
86
13
88
4
85
26
86
2
89
71
87
48
89
75
89
1
89
32
88
11
87
72
87
40
88
38
82
1
86
33
87
67
86
67
86
79
88
78
88
32
86
76
89
24
89
65
89
82
86
59
85
64
88
64
89
55
88
5
88
85
86
85
83
38
85
60
86
50
86
14
87
5
89
63
90
44
89
71
89
42
90
43
90
47
88
53
89
75
87
87
90
49
88
16
89
39
89
82
89
26
90
79
89
87
89
11
89
58
90
50
90
36
90
7
90
12
90
85
90
61
90
26
89
46
90
25
83
67
88
86
90
90
88
34
90
66
90
87
90
7
88
39
90
74
90
37
90
23
88
41
88
63
90
6
90
77
89
17
90
9
87
66
88
64
86
17
87
34
90
39
88
3
90
