%%MatrixMarKet matrix arrary real general
100 50
27
3
19
2
17
1
59
2
21
2
61
1
99
2
47
2
23
4
51
2
28
3
7
2
72
1
26
1
61
2
69
1
16
2
83
1
12
1
88
2
79
2
31
2
58
1
30
1
42
1
2
4
98
2
3
2
10
2
10
1
53
6
51
1
45
1
45
1
86
1
63
1
55
2
40
1
43
1
69
1
22
1
92
2
49
2
75
2
64
2
19
1
98
1
58
3
37
1
71
1
37
4
70
3
80
4
1
3
68
6
93
2
40
3
21
3
3
5
31
3
1
6
81
5
25
5
64
2
20
3
25
2
96
3
71
5
48
2
77
4
25
3
47
5
23
2
23
2
69
2
29
5
9
3
9
6
24
3
49
2
95
7
59
2
40
3
99
6
2
4
67
3
8
6
3
4
21
2
87
2
97
2
93
4
91
5
29
3
32
3
25
2
38
2
4
5
49
3
44
2
57
5
57
4
38
5
29
4
90
7
26
3
12
4
79
4
21
6
42
4
51
8
93
9
39
10
94
3
95
4
45
5
46
5
95
10
64
3
28
8
69
5
98
6
33
3
70
7
15
5
86
7
86
5
47
7
11
4
36
4
42
8
80
3
48
5
87
7
55
5
79
4
64
7
15
8
11
4
68
3
57
3
29
5
6
8
50
7
24
5
58
4
75
5
1
6
27
4
20
3
89
8
17
5
32
7
27
6
28
8
37
8
7
6
64
5
98
7
68
8
2
11
27
11
9
12
54
4
64
6
23
6
76
6
8
12
7
4
52
11
18
7
51
9
69
4
51
9
88
9
78
8
32
6
86
8
32
8
41
5
98
15
71
5
90
6
24
9
93
6
26
6
49
10
37
9
8
6
12
6
14
4
81
6
69
9
56
12
37
7
34
5
80
7
37
8
59
6
75
9
20
9
91
6
58
9
79
8
11
9
78
11
24
10
31
7
43
8
9
11
7
20
17
13
93
13
95
5
36
7
83
8
40
8
6
15
36
5
93
12
93
8
81
10
79
6
64
15
12
11
30
10
22
11
99
10
57
13
29
7
91
18
15
6
82
7
22
10
47
7
73
8
70
16
73
11
33
7
19
14
81
6
62
8
31
16
4
15
34
9
23
8
56
8
24
10
5
8
50
11
86
11
90
8
96
14
25
10
67
10
99
12
76
11
69
9
13
10
22
13
91
21
4
15
2
15
49
8
94
9
30
9
52
9
55
18
22
6
94
14
88
11
69
19
41
8
88
19
94
14
45
11
39
12
72
11
9
14
15
8
43
19
91
7
50
10
81
11
9
8
2
11
80
17
72
12
74
9
44
15
92
11
50
9
52
19
14
20
29
10
63
9
66
9
12
11
29
9
5
12
97
12
13
9
12
16
69
12
50
12
91
14
32
14
28
11
37
14
26
15
9
22
96
16
54
16
88
11
77
13
7
10
20
10
37
19
28
8
9
15
10
12
58
20
91
10
27
21
59
18
75
12
7
14
4
12
78
15
85
12
79
21
97
8
42
13
27
12
46
10
90
13
37
18
48
13
26
12
20
16
85
13
70
12
64
20
43
21
22
13
84
11
37
10
93
13
26
14
66
13
62
14
78
11
28
20
85
13
76
13
71
15
91
15
87
14
35
16
94
16
27
24
60
19
100
17
40
13
24
14
78
12
18
11
48
21
54
10
7
18
17
15
95
21
94
13
72
25
32
19
69
13
1
15
81
13
81
17
21
14
17
22
98
12
32
14
67
13
56
12
41
15
33
20
42
14
44
15
55
18
49
15
13
15
48
22
6
23
52
14
56
15
44
14
99
15
10
15
61
18
58
15
44
14
54
21
88
14
88
15
47
16
16
17
71
16
62
17
57
19
82
25
3
20
81
19
45
14
97
16
81
15
72
12
34
22
77
13
31
19
91
19
39
23
78
14
74
31
7
20
32
14
13
16
52
15
12
18
89
16
86
26
62
14
2
15
37
14
92
13
9
17
19
21
5
16
63
16
35
22
76
16
61
16
17
24
11
24
17
15
81
17
50
17
73
16
99
17
4
21
6
18
51
15
95
25
7
16
96
16
6
17
42
20
59
19
91
18
40
20
12
26
1
22
4
20
35
16
76
17
13
17
93
13
20
24
67
16
34
20
78
20
34
24
93
15
24
32
26
21
61
15
18
19
87
20
22
19
13
18
23
27
36
16
11
16
53
15
89
14
33
18
14
22
79
17
39
19
13
23
61
17
65
17
80
25
41
27
1
25
87
18
85
18
43
18
76
20
10
23
19
22
50
20
47
29
68
18
25
20
58
18
92
22
42
24
11
19
59
21
16
31
36
25
60
21
81
17
10
21
29
20
99
19
58
25
37
17
65
23
61
26
88
25
92
25
55
34
30
22
51
19
56
20
64
23
89
23
6
24
30
31
60
17
63
17
30
16
32
16
97
19
34
23
7
19
60
24
9
25
63
18
42
18
36
29
9
28
96
27
99
22
13
19
62
19
24
22
36
32
16
23
22
21
45
30
26
19
44
22
82
21
21
27
8
25
1
20
100
23
40
32
73
26
79
22
15
18
58
22
53
26
1
21
68
26
41
18
68
25
84
27
55
27
63
26
33
35
33
28
21
20
76
21
59
25
35
25
98
25
74
32
29
18
24
21
40
17
50
18
55
22
65
25
46
20
23
25
63
26
66
20
91
19
15
32
1
31
79
33
10
24
63
23
31
20
40
23
25
33
61
24
67
23
90
34
9
20
29
24
9
28
69
29
39
27
78
22
10
24
80
33
34
28
89
23
42
19
45
23
14
27
74
23
9
29
70
19
1
29
6
28
42
28
35
27
60
36
85
29
49
23
45
23
55
27
27
28
48
30
58
34
54
19
20
25
66
19
59
19
47
23
38
26
59
21
14
27
7
28
64
21
83
20
58
33
73
33
28
36
59
26
15
24
80
22
12
25
57
34
34
31
16
24
49
35
84
21
49
26
98
29
9
30
48
30
27
24
52
25
75
34
88
29
50
26
75
20
62
25
58
28
73
24
27
30
81
23
90
32
54
29
75
30
28
29
59
37
52
31
1
24
65
25
95
29
55
29
77
31
2
35
68
20
30
26
5
20
31
24
5
24
1
27
35
22
30
28
21
29
26
23
23
21
23
34
13
34
40
39
6
29
53
25
45
23
58
28
7
35
67
33
35
25
75
37
36
22
23
27
67
32
39
31
12
32
96
26
99
27
64
44
23
30
52
27
74
21
75
26
46
31
83
26
86
31
20
24
17
33
16
32
38
33
73
31
28
38
60
34
71
25
89
27
44
33
16
36
20
32
71
36
23
21
68
29
18
21
25
26
7
27
79
28
44
24
89
29
83
31
5
24
40
22
41
35
38
35
38
41
66
32
93
27
52
25
85
30
24
37
43
35
73
26
71
39
39
23
18
30
22
33
8
33
98
34
86
29
37
29
49
45
38
31
31
29
63
23
72
29
21
32
81
27
11
40
92
25
39
37
4
33
7
37
12
32
77
39
13
35
27
26
67
28
28
35
71
38
79
33
10
38
64
22
72
34
69
23
97
33
36
28
69
30
27
25
84
32
98
32
68
25
80
24
57
37
16
37
35
42
57
33
77
28
78
26
2
31
58
40
88
38
83
28
10
40
82
24
33
34
44
34
48
34
1
35
34
31
5
30
41
46
39
33
85
32
30
24
38
30
72
33
51
28
45
41
34
26
98
38
45
34
36
40
44
34
17
41
46
41
41
28
83
29
32
37
56
40
22
39
9
39
87
25
66
38
72
26
75
34
49
32
68
35
69
26
68
36
33
34
71
27
88
28
21
39
5
40
82
44
92
35
34
31
56
28
55
32
100
46
83
40
100
29
59
42
49
28
74
35
57
35
1
35
22
36
82
33
95
32
100
47
45
35
87
33
56
27
81
31
87
35
22
30
4
42
99
27
10
42
24
36
15
41
50
36
4
43
61
45
33
34
8
31
56
39
31
41
69
40
40
41
35
26
33
41
2
29
68
35
10
34
12
36
90
30
50
37
82
36
8
29
10
30
18
40
36
42
12
45
12
37
3
33
67
33
18
33
31
47
32
41
37
30
74
43
96
31
46
37
13
36
81
37
23
37
30
38
33
34
13
50
55
37
71
38
70
28
12
32
59
36
53
31
77
44
96
30
24
44
41
37
97
43
90
37
42
45
40
47
55
36
49
35
80
43
72
42
50
42
20
48
52
27
12
44
41
31
53
36
42
38
97
39
28
31
69
40
8
37
96
31
39
31
3
43
17
44
90
49
49
38
6
40
29
35
39
35
87
48
63
47
7
32
23
44
62
34
69
40
83
38
26
38
43
40
40
39
97
35
39
52
10
41
56
40
96
31
63
37
94
37
43
33
96
46
68
31
67
45
52
38
100
44
51
40
12
48
86
48
60
38
4
36
38
45
30
43
35
46
84
49
74
32
73
49
89
32
38
37
14
40
67
40
63
33
22
41
48
39
9
32
46
35
10
46
25
45
20
50
44
39
99
43
42
36
38
41
14
51
75
48
53
33
19
46
58
35
72
41
77
39
52
41
18
41
72
42
70
36
17
53
18
43
11
42
29
33
65
39
93
38
71
35
3
47
56
33
40
46
1
39
18
45
47
42
8
49
4
49
76
40
84
37
21
46
54
44
91
51
12
50
55
33
46
51
28
34
85
39
25
43
29
42
93
34
93
42
38
40
10
33
73
36
78
47
52
46
11
53
62
40
88
45
89
39
90
42
96
53
17
49
31
36
2
48
87
41
57
43
66
40
96
43
33
44
2
44
49
39
54
55
63
44
44
43
34
37
83
41
65
39
48
36
85
49
76
35
3
47
49
42
29
46
22
45
44
50
36
50
82
42
100
38
18
48
49
45
47
52
45
52
94
37
4
52
70
36
67
40
80
45
81
44
23
39
66
48
24
41
89
36
11
37
70
50
32
47
26
54
16
41
86
46
21
40
67
44
16
54
51
52
66
38
11
50
40
42
17
45
10
41
78
46
93
49
25
46
61
44
29
56
8
46
53
46
90
41
28
42
43
40
58
37
64
50
98
39
35
49
90
44
90
48
85
46
57
53
8
51
39
43
41
40
73
49
76
46
3
53
29
55
95
40
39
53
60
42
82
41
94
46
41
47
10
41
38
49
90
42
100
37
78
41
14
51
30
48
46
56
77
43
41
47
85
44
81
45
56
55
10
53
12
39
8
51
38
43
85
47
19
45
70
49
17
52
9
49
28
45
93
57
82
47
41
49
97
43
5
46
34
42
62
39
70
52
91
42
6
50
72
46
62
49
62
49
11
54
96
53
35
44
97
43
16
50
94
47
26
54
37
57
11
42
28
54
86
43
29
43
100
50
66
48
2
45
94
51
45
46
55
39
85
43
1
53
86
49
51
58
14
45
11
48
38
46
62
46
65
59
21
54
27
40
99
52
50
45
91
51
81
48
95
53
51
53
41
50
86
46
5
58
94
49
7
59
57
46
43
48
18
44
69
41
97
54
55
43
21
51
23
47
59
50
30
52
84
56
23
56
22
46
72
44
40
51
48
51
86
55
44
59
45
43
74
57
33
44
17
44
52
51
71
50
38
47
58
52
61
50
65
41
7
44
28
54
18
51
68
59
3
47
87
49
63
47
93
47
86
60
29
56
82
43
60
53
63
46
36
52
24
49
5
54
74
54
69
51
53
47
37
59
21
50
47
61
47
48
50
49
49
47
7
42
53
56
40
46
99
53
60
50
70
52
77
54
52
58
76
57
62
47
99
46
34
53
88
53
23
56
4
62
81
46
60
58
73
47
28
45
21
53
32
51
49
50
90
53
81
52
38
42
82
45
12
55
81
54
6
60
21
50
29
51
92
48
79
51
49
62
1
60
77
45
89
55
86
47
84
55
27
50
47
55
89
56
83
52
63
48
30
60
85
51
3
62
80
51
8
51
71
48
85
44
39
57
32
49
89
54
43
53
35
54
81
55
6
61
6
62
74
52
42
48
17
54
37
60
92
57
11
63
83
48
100
61
64
49
23
52
69
54
62
56
66
51
17
54
79
53
28
43
98
47
65
59
76
59
71
61
27
51
83
55
34
50
65
53
43
63
28
64
76
46
67
56
81
52
71
56
86
52
36
57
45
58
28
54
18
50
97
61
14
52
34
64
39
52
11
52
84
50
88
50
33
60
38
50
73
55
57
55
73
57
65
57
79
63
44
63
58
53
10
50
19
57
66
62
19
58
60
64
38
49
27
62
91
50
62
54
58
56
89
57
91
53
10
55
51
56
19
44
67
49
42
61
57
60
55
62
89
53
74
58
7
51
13
56
19
64
81
66
99
47
41
61
37
53
93
58
20
53
77
58
38
62
70
55
56
54
10
62
32
53
24
65
50
53
67
53
56
52
68
54
16
61
93
51
5
56
81
56
16
60
9
59
46
66
39
64
84
54
17
51
100
58
50
63
59
60
80
65
39
53
55
67
48
51
3
57
37
60
45
58
36
57
81
56
49
57
35
46
33
54
95
62
26
61
48
63
31
54
39
59
70
53
69
57
76
67
25
68
10
48
92
62
77
54
99
59
31
56
82
59
91
63
61
56
93
55
78
63
48
56
45
67
6
58
34
56
77
55
100
56
23
62
84
53
48
59
48
59
72
61
56
61
83
67
17
65
31
59
30
52
5
62
92
64
34
61
5
66
44
58
19
69
39
54
81
61
30
61
5
59
18
58
3
57
54
58
34
47
60
58
30
63
58
62
16
65
30
55
57
61
77
54
11
60
27
68
87
69
1
49
27
64
78
55
32
60
97
59
84
60
15
65
15
57
38
60
36
65
76
58
30
68
76
59
35
57
4
57
34
57
63
65
94
59
82
60
66
62
13
63
84
64
99
68
58
66
81
63
73
53
61
65
26
65
43
62
13
67
28
63
35
70
74
55
72
63
39
62
4
60
97
60
86
59
59
60
45
48
52
59
97
66
39
63
88
66
13
60
76
64
98
55
48
63
26
69
42
71
74
52
26
65
17
56
5
61
88
60
19
61
81
67
68
59
7
62
23
66
62
59
28
69
10
60
18
59
60
61
4
59
35
66
44
60
92
61
35
64
80
64
19
66
76
69
25
67
83
64
34
54
31
66
100
67
17
63
47
69
57
66
85
71
59
56
21
64
48
64
11
61
83
61
13
61
17
64
40
50
56
63
11
71
53
66
23
67
98
61
26
65
30
57
50
64
29
70
70
72
56
54
94
66
60
61
19
63
79
63
13
62
97
68
32
63
12
64
71
67
61
64
63
73
66
61
71
60
75
62
55
61
13
69
86
62
57
62
51
65
89
67
21
67
26
71
71
68
77
66
81
55
63
69
6
68
71
64
33
70
92
67
31
75
35
61
98
65
59
66
87
63
52
64
31
62
47
65
51
53
27
64
94
72
65
67
84
69
36
64
32
67
14
59
7
66
30
73
13
73
59
58
31
68
44
65
3
64
51
64
68
64
13
72
71
64
78
65
14
69
77
66
55
74
44
62
74
66
100
63
25
63
14
72
72
63
13
63
73
68
12
68
24
68
10
75
92
70
6
67
91
57
60
70
79
69
97
65
46
73
56
69
23
76
80
62
78
66
81
70
31
73
81
65
45
64
5
66
79
56
97
68
82
73
8
68
57
70
67
68
90
68
2
61
78
68
42
74
55
74
34
60
18
69
32
66
1
65
96
65
71
65
26
73
89
66
77
66
79
70
42
67
36
75
85
65
68
70
98
64
38
64
17
73
61
65
91
64
58
70
65
74
96
72
62
78
55
72
9
70
70
58
22
71
33
70
76
66
54
75
30
70
94
77
96
71
100
69
75
71
3
74
32
67
47
65
43
67
54
60
1
71
4
74
93
69
30
72
48
69
60
69
82
64
96
71
15
78
44
76
41
64
22
70
64
67
70
66
100
68
56
66
82
75
58
67
79
69
42
72
69
68
76
77
9
67
91
73
95
66
17
65
93
74
52
66
69
71
13
71
3
76
53
74
14
80
27
73
65
72
77
59
83
75
7
73
44
67
51
77
50
72
9
78
4
75
51
70
35
72
76
75
70
71
97
67
88
72
52
67
55
72
44
75
77
71
76
73
20
71
100
70
66
65
36
72
41
79
78
77
55
65
57
73
30
72
39
73
25
69
94
67
61
76
53
73
75
72
18
73
83
70
70
78
36
68
85
78
19
67
47
67
59
75
45
71
30
72
14
74
53
77
18
75
47
81
83
74
3
79
87
60
36
78
59
75
90
68
68
78
34
73
36
79
3
76
73
71
93
74
43
82
54
74
35
71
62
73
75
69
66
74
38
76
64
74
100
74
96
72
16
71
49
69
87
74
8
81
7
79
18
69
13
76
70
73
38
75
4
70
50
73
60
77
60
74
67
73
96
74
54
74
91
80
84
69
33
79
73
68
45
70
32
76
69
73
58
74
82
75
66
78
60
76
40
82
24
75
16
80
95
61
26
79
20
80
87
72
14
81
10
77
59
80
68
77
15
74
16
78
77
83
94
75
18
72
75
76
12
73
14
75
26
77
22
82
81
75
97
73
62
72
84
72
100
77
45
82
45
80
42
72
36
77
95
74
98
77
62
72
80
79
66
78
80
75
43
74
90
76
24
79
48
82
77
71
19
80
54
74
98
75
43
78
15
74
41
75
21
76
4
82
71
80
73
85
10
77
88
85
63
62
41
82
21
82
78
73
72
82
65
78
18
81
25
79
60
77
20
82
15
85
43
76
77
73
10
77
62
74
57
76
89
79
55
83
4
77
42
74
30
73
32
74
75
80
72
83
26
85
71
75
63
79
99
75
62
78
92
74
28
83
46
83
47
76
76
80
4
77
65
80
6
83
38
72
47
82
85
76
49
79
28
79
14
75
16
76
31
77
32
83
11
82
95
86
78
79
57
87
24
64
24
84
5
83
83
74
16
85
61
79
56
83
92
82
22
79
68
84
46
86
99
77
46
75
96
78
98
78
38
77
13
81
78
84
21
78
95
79
42
78
68
75
73
82
28
84
50
90
88
79
100
81
57
76
87
80
42
75
72
85
55
84
65
77
17
81
15
81
90
84
37
84
7
73
55
84
3
79
77
80
81
82
80
78
36
81
40
80
17
84
48
83
29
87
43
80
17
89
79
66
68
85
74
84
27
75
3
87
24
84
88
84
65
83
94
80
57
85
24
88
29
78
5
76
93
80
90
80
87
79
27
83
79
87
8
80
75
80
4
81
87
79
34
83
22
85
39
91
63
86
88
82
15
80
14
81
43
76
23
86
80
85
85
79
14
82
92
84
72
86
14
86
82
78
27
86
99
82
66
82
80
84
21
79
79
83
67
83
26
85
5
86
98
89
98
82
50
90
68
69
67
88
1
85
37
80
76
88
76
85
65
86
78
84
42
83
44
87
54
91
87
80
100
78
11
84
77
82
26
84
56
86
19
89
43
83
78
82
22
82
17
81
92
84
80
88
46
92
81
87
78
83
33
89
48
82
5
80
45
87
29
86
84
81
1
83
68
85
57
87
57
88
25
79
54
87
22
86
15
84
51
88
9
82
26
84
30
86
79
86
17
87
16
90
89
84
97
91
80
74
77
89
58
86
45
81
25
89
9
86
64
89
58
85
49
84
83
88
53
92
6
85
34
79
100
85
58
83
3
86
45
87
70
90
85
86
70
83
35
84
88
83
61
86
17
90
82
93
61
89
33
84
11
90
31
86
54
84
25
88
50
88
90
87
98
84
38
86
12
89
35
90
100
83
15
88
70
88
32
86
2
90
29
83
27
85
85
87
1
87
38
88
13
91
81
87
48
93
47
78
1
90
39
87
28
82
83
90
31
88
22
91
38
88
27
87
29
89
90
93
92
86
82
80
74
89
30
84
69
89
98
88
85
91
31
87
46
86
54
89
60
86
16
88
6
91
30
94
80
93
24
85
51
91
53
89
55
85
51
89
20
90
100
88
90
85
19
87
71
91
66
92
32
86
99
89
24
89
14
87
89
91
57
85
43
86
9
92
14
91
70
89
3
92
93
90
56
94
71
85
74
91
61
90
11
84
97
92
47
89
43
92
8
90
48
88
76
91
72
94
82
88
83
85
71
91
7
86
25
90
84
90
10
92
98
89
28
88
21
91
41
90
70
89
92
93
65
95
92
94
15
87
5
92
79
92
46
87
18
90
70
92
12
92
96
87
48
88
6
95
51
94
12
87
93
90
80
90
78
89
87
92
90
87
70
87
98
94
11
92
43
95
5
93
16
91
73
95
82
88
76
92
77
91
38
88
28
93
13
90
47
93
57
93
30
90
65
92
13
95
62
89
70
88
70
92
87
91
53
94
85
92
100
94
99
91
76
90
12
92
9
91
43
91
39
94
2
96
68
95
3
91
83
93
42
94
7
89
75
93
94
95
45
93
58
88
35
89
75
97
8
95
22
89
69
92
51
91
95
90
67
94
47
88
78
95
95
96
8
93
7
97
22
94
54
95
68
96
26
90
42
93
52
93
70
93
56
94
75
93
37
95
98
94
58
91
86
95
84
96
84
95
20
91
86
94
59
93
48
95
60
93
95
96
19
92
52
91
36
94
27
94
54
94
52
95
84
98
84
96
6
93
48
94
4
95
23
90
44
97
10
96
36
94
71
89
99
94
92
98
18
96
55
91
40
96
16
92
60
91
7
98
11
89
80
96
63
97
22
94
20
98
20
96
38
97
18
98
75
92
14
96
96
95
95
94
1
96
82
96
8
96
52
95
76
95
77
96
9
98
56
96
87
92
27
95
70
94
34
96
67
96
88
97
47
93
85
93
52
95
76
95
19
95
89
97
59
99
85
97
86
97
71
97
54
97
30
94
74
98
57
99
95
97
6
91
83
95
78
99
98
97
93
92
44
98
11
96
92
94
36
99
58
95
22
97
22
99
71
96
16
99
65
97
3
99
92
99
93
94
94
97
97
98
99
96
24
99
41
99
87
97
63
97
20
96
12
98
78
99
55
98
99
96
4
97
72
95
51
99
68
99
72
98
18
95
65
94
20
96
71
96
52
97
38
98
36
100
62
98
72
98
98
100
83
100
73
95
63
100
6
100
48
99
41
92
43
98
40
100
58
99
99
98
1
100
41
97
29
97
38
100
97
100
66
100
89
100
56
99
39
100
18
100
37
100
37
100
33
96
30
98
34
99
9
100
61
100
4
100
98
99
46
100
11
99
31
99
52
100
68
100
95
98
30
99
88
99
32
100
7
100
80
99
94
97
7
100
79
97
100
97
21
98
77
99
