%%MatrixMarket matrix arrary real general
129 1045
1.67348375756903
-0.388509564150636
-0.885032115260853
3.90326949026619
1.80834659411272
-0.168887025726628
-0.274099076210986
0.0902790335391499
-0.647675046476546
-0.130609991634053
1.00444160205765
-0.0399306690436501
-0.545775456341786
-0.703797197161835
-1.0406518362873
-0.62629977995847
-0.568788067879652
-0.800887209776353
-0.226716765805983
-0.594395606397736
-0.416597745177199
-0.0406518362873001
-0.814266619016914
0.30758058295197
-0.0786581588670451
1.62405854055619
-0.921428479634469
-0.643067895989052
-0.806395788599004
-0.718608330413044
-0.0729667552131541
0.09291168945381
2.15611256125054
2.68072082318952
1.22238256954649
-0.733106734387714
-0.732523992108559
-0.0866044569463801
-0.934169505817319
-0.79466947529598
4.30701382001367
-0.637165953499846
-0.430046256292842
-0.577029379435407
-0.615085112212049
0.49987146015092
-0.247879758769181
-0.387408340225234
-0.854024509604378
-0.160632474733504
0.55102758064844
-0.00925664001177018
-0.503504892669731
-0.272488688840716
0.5667376637371
0.14964695533929
-0.339058423529837
-0.681130665859705
-0.736140794477347
0.13758474831751
-0.828892003275181
-0.58721327493854
-0.891522566377367
-1.0406518362873
-0.478763640999269
-0.853517544812764
-0.259669896011275
-0.26927329680277
-0.874579160340594
-0.620250282342018
-0.735790384798851
-0.649324029443689
-0.594501496158207
-0.679669594918674
-0.227209237236226
-0.380635970961637
-0.198195887689988
0.0529083398750398
-0.614762902262996
-0.403458949328452
-0.593125535118389
-0.0668569066346941
0.76958559430343
1.65467390779427
-0.706312396380373
0.34173874658617
-0.652296956739093
0.34007761221625
0.42140048250913
-0.634115166082128
-0.61197342633907
-0.146280286326025
-0.366100793132708
-0.808236665511898
-0.0874983662273501
0.60504982229153
-0.878570732904925
-0.268512805065947
0.15027902327531
0.22117982246484
-0.114956174978412
-0.382097575636402
0.1691134296868
-0.132376917808241
3.07121412758026
-0.496463229640329
1.31041106265309
-0.328452273641329
0.61424192118602
-0.220493301557135
-0.524636689283635
1.7009230111315
0.56484249756521
1.72763837047866
0.17533731785942
5.13367467888661
1.86527664188583
-0.322038137311816
0.23673786252356
-0.475932241844205
-0.678771209248862
0.31605541664808
-0.373986125692702
-0.467762167866719
-0.189612450578575
1.50581052187979
-0.651305300124802
-0.557906790904727
-0.912464034387535
