%%MatrixMarket matrix arrary real general
290 1045
1.18218522489301
-1.35010757866266
-1.38599385937715
1.05210372908704
-1.35719225604722
-0.642019561384469
-0.0819602283895284
-0.186585900749338
-0.975629461319466
1.16617786501969
0.729010393115121
-0.317602818571739
-0.215069010082108
-0.744554796883218
-0.609612649821869
0.750890786112011
-0.225344310719749
-1.62987899851226
-1.08534307651196
1.37524672513326
1.85441456183182
0.718582759057911
1.95425995952323
-1.20428554184194
0.289523460016132
-1.70374274860413
-1.29197221853428
-1.05465566108491
0.773181796721391
-0.86080048336636
3.80388182781282
-1.44298142527314
0.219821293386061
-1.15631184476124
-0.963046662944805
-0.594312161302609
0.330184536746481
-1.06560346776231
-0.323372557383468
-1.25832390390373
-1.20787108299989
-0.518948797626889
3.42966452391156
0.226298857457261
-0.431379747001829
-0.341885855034789
0.385250913810251
0.132087921452511
-1.42099491663943
-0.493297558825778
-1.39380918752706
0.729770439690372
0.433013020098502
-0.657837299087819
-1.21350965570113
-1.39391956548059
0.0658130640506316
-1.68475383242727
-0.551206136853779
-0.553670176805259
-0.392264782227989
3.53669109845039
1.75462995461781
0.388784177392991
-1.10219697275924
2.66143756279262
0.278137788976881
0.450331753752242
-1.12601816561832
0.838059948981512
-0.685267059588468
-0.429115807673549
3.51847960895058
-1.39028154449884
0.697757609380551
0.489153723120222
0.0569572073092415
-0.442182243098918
0.532196040161211
-1.08801936043716
2.97950978181335
1.41564131272682
0.736844965450641
-1.00205425482831
-1.54678144251206
-0.407226608702109
-1.02631748586731
-0.528611086005689
-0.240647635139789
3.70073263943381
1.82626352151767
2.17587794579846
-0.0317174736098984
-1.45145711121211
-0.799568401535362
-0.537119000541409
-1.07177072313034
4.99986886944793
-1.60168713879163
3.83423667989419
-1.54053626473494
0.596667307402382
1.97042779822165
-0.956836944850796
-1.53553516087454
0.0617944123132415
-1.66051708908175
-0.788353047916242
2.93516558874497
0.405687838697392
-0.500410285020348
-0.134938193968668
-0.733338452410969
0.673733897029951
0.530743028616402
2.53016141399821
2.50744133749813
-1.10373074706305
-0.899532358939502
-1.02777263539856
2.88828085030144
-1.01193085171109
2.89507267943632
0.0597808808755915
0.199480845101881
2.35486357961971
-1.06930065641806
-1.60653954304336
0.971070758214861
0.485558219599681
-0.907546915478688
-0.308731090236549
0.924029288340371
-1.57416070259304
2.13629793782378
-1.08632380426037
-1.07230057379709
1.22000161899606
1.32499648565154
1.87288131049062
-0.344016867299489
-0.621841679446838
-1.46774586980472
-1.48128582555978
-1.52268525873778
0.500480725841262
1.86483117777715
-1.52982343485089
-0.00618238150276862
1.51671915108614
-0.713228462689309
-0.838846992176558
-1.34796755744272
0.475926170195242
1.18107417744427
-1.43115319313188
1.43937706255297
-0.649906752095079
-1.32568692939063
1.29466920928623
1.4621189187051
-1.27927469991263
-0.425162442394388
-1.18219471282399
-0.889537462650494
-0.134477048035109
2.28246112167252
-0.295267219703109
-0.330749392510739
-1.03429601771168
0.760096597551921
1.27831097126397
-1.34412350058539
-0.983580952565632
-1.34753993386319
1.56180704061468
1.57286222912367
-0.0899851287890885
-0.712539989738578
2.3825147255973
-0.679873800818249
1.48480802716382
-1.03877644069435
-0.772265624970679
-0.185630157063589
-0.738935724382058
-0.94870677376624
-0.830008940716373
-1.26608170171971
-1.01066083633442
3.27510372888725
-1.14131710653138
2.77318179672139
2.058773060338
0.943161413637231
-0.750195840398229
-0.579172240557849
-1.12043677939617
-1.01354114447789
1.45845531701341
-0.343483819061059
2.16092760433249
0.439222175544302
-1.19502385937681
0.140495704427682
1.22306371087474
-0.189935998551348
-0.288582112203489
0.892020312501831
-1.43990130184768
1.489901659806
-0.717366214208919
0.802858917182722
-1.14614310923848
3.96101859195749
4.7708758208867
0.688143937333931
-0.8720575362078
-1.00222251877075
0.270845296410531
-1.05378341496349
-0.591144882223918
-0.690680555774839
2.12285956349897
1.7571173604769
-0.842457680852146
-1.35547156104979
-1.6553080085399
0.760344589824282
0.880658661082341
-1.61951662650059
-0.790967021225444
1.17977687306162
-0.647930908315498
-1.34263135132615
-1.05561574130727
-1.24791162524072
-0.911649966927636
-1.18974435468272
-1.20884167980782
-0.977117031522638
0.122859563498972
0.246621352729781
-0.392816165777939
-1.42629087032903
-1.2394570470459
-1.10093508772487
-1.46983858600179
-1.64639162649241
-1.6169376214504
-1.12950604182752
1.5297250491088
-1.33138345128489
-0.159592296162059
-1.56991454030085
1.62921222952376
1.48420759221981
0.0658130640506316
-1.27164863796022
0.0849482884667614
-1.68082963368875
4.85977693844223
-1.30022387492327
-0.553670176805259
2.14011459359707
-0.291663697656128
-1.35869954951063
-1.17373647848233
-1.55441021018434
-1.38040604551223
-1.35869954951063
-0.486219727585248
-1.39546574419189
-0.339226508584298
0.608286390669212
-0.679873800818249
-1.345937473362
0.609112755393032
-1.02477833738467
1.20986851295985
-0.308210918952418
3.05776453527709
2.74275585432952
-0.582313315260198
-0.770115023269238
1.36794192451002
0.0581680299072915
-0.00449600487487856
-0.723595178247568
-0.485631472718419
