51.4812
30.8622
18.5014
11.0913
6.64905
3.986
2.38954
1.43249
0.858758
0.514812
41.1717
24.6818
14.7963
8.87017
5.31753
3.18777
1.91102
1.14563
0.686785
0.411717
27.7119
16.6129
9.95915
5.97036
3.57913
2.14563
1.28627
0.771101
0.462263
0.277119
17.3771
10.4173
6.24501
3.74378
2.24434
1.34545
0.806574
0.483528
0.289868
0.173771
10.9136
6.54252
3.92213
2.35126
1.40954
0.844998
0.506563
0.303677
0.182049
0.109136
7.17796
4.30308
2.57963
1.54645
0.92707
0.555764
0.333172
0.199731
0.119736
0.0717796
4.92941
2.9551
1.77154
1.06201
0.636657
0.381666
0.228803
0.137164
0.0822275
0.0492941
3.4606
2.07458
1.24368
0.745564
0.446954
0.267942
0.160627
0.0962933
0.0577263
0.034606
2.51613
1.50838
0.904252
0.542085
0.324971
0.194815
0.116789
0.0700129
0.0419716
0.0251613
1.80887
1.08439
0.650075
0.389709
0.233625
0.140054
0.0839604
0.0503329
0.0301738
0.0180887
